1.999999999999999778e+00	1.126772754986281377e+00	8.930430922981760222e-01	9.171766380111445738e-01	9.113656493673197856e-01	7.263146327866645269e-01	1.115873740151586579e+00	1.072699665166499727e+00	1.197653949170892185e+00	8.957146459038919373e-01	8.807557341574142606e-01	9.935305757561451179e-01	1.017210781908800987e+00	1.074863033552079017e+00	1.115145104745849824e+00	1.011504874292773470e+00	8.643556193960723055e-01	7.747618450561687409e-01	1.052729557451375086e+00	8.264364131605477226e-01	9.521153427019162230e-01	1.252774581547689614e+00	9.421725755883597619e-01	1.152709051983131783e+00	7.449648677253857265e-01	8.913648774295334087e-01	9.298344449227256003e-01	8.739441003954128151e-01	9.559492328796066474e-01	1.034366419244809876e+00	9.854212935184830657e-01	1.115794221604877290e+00	1.009640304992505788e+00	8.630060495626696859e-01	1.020065167936412998e+00	1.160284841759918750e+00	9.803506308983530593e-01	1.066595914333934303e+00	9.801995666056915191e-01	1.215829039900822028e+00	1.247936572978524561e+00	1.242779159440592585e+00	1.152265549000398570e+00	9.057243966371896216e-01	1.054866690813821561e+00	8.460221625663246758e-01	1.104350717952266026e+00	8.478872459610650170e-01	8.801878275280210495e-01	9.528764231586026590e-01	9.480347658409556955e-01	1.000665213166615608e+00	8.794418121359303120e-01	1.160031825715955867e+00	7.519748666923742331e-01	1.174739834368179192e+00	9.273015440573296742e-01	8.036034860316352280e-01	9.692025684464184998e-01	1.013957555305710301e+00	1.027184928878792425e+00	8.906940444614398489e-01	1.128602807129463592e+00	9.839960196979162799e-01	9.525098421919353520e-01	1.162912059590266445e+00	1.246086849368434279e+00	9.442773251329844575e-01	9.253478680806117573e-01	1.206777205443936296e+00	1.114213805819041170e+00	1.359066803060883455e+00	9.116844993666239905e-01	9.632646238144793038e-01	8.156939693599248864e-01	1.008392126474835893e+00	9.741984114020824093e-01	8.894722281302182010e-01	1.224553285983128292e+00	1.131314472335584354e+00	1.187868132681823230e+00	1.067295081523183864e+00	8.575208391667783481e-01	1.003497419717622074e+00	8.215844619562461260e-01	8.795267239071205001e-01	1.188161913193046315e+00	9.215499880716730985e-01	9.888690319570054843e-01	9.781532234676065807e-01	1.150167226942378162e+00	9.787066944845038696e-01	9.321039828243128378e-01	9.973700508503053896e-01	1.031041537025215948e+00	9.256553709092414373e-01	1.166111076031066007e+00	1.159489304856984981e+00	1.088430498390783985e+00	9.821331058576860951e-01	1.152400176954518907e+00	8.037188174839040578e-01	8.282450771507213760e-01	9.191961146760603274e-01	1.007164526419601858e+00	7.303749577259983639e-01	1.123165717630821625e+00	9.329405630818923267e-01	1.091418118544043914e+00	8.400665885393967525e-01	1.270881038402015495e+00	1.073320322325723497e+00	8.869339128744631040e-01	9.796663737663506843e-01	9.610317109802646307e-01	1.156524227336028332e+00	9.012546232973748239e-01	1.020686836509341333e+00	1.215476931641108926e+00	1.243235527462062562e+00	1.143250539659903753e+00	9.555086423627391357e-01	8.291929407014585474e-01	1.050423507197479234e+00	1.189478241247199364e+00	9.318867690537413484e-01	8.480358555961564626e-01	1.068718184402878135e+00	1.036588515675171962e+00	1.016682238636843483e+00	9.728995186215761981e-01	1.288163985192810390e+00	1.049676791190434111e+00	1.167730139391411903e+00	1.150287450395229172e+00	1.116385663704854592e+00
1.126772754986281377e+00	2.000000000000000000e+00	9.233820677416064715e-01	1.034559397632622169e+00	1.082268152655863291e+00	1.082339137537171370e+00	8.051956933775755720e-01	1.011490922674018744e+00	1.125634257457471143e+00	1.070985125829125639e+00	9.301211280002655846e-01	1.142270982525404710e+00	9.895261811952368314e-01	1.106893092296184378e+00	8.834997826333295112e-01	1.092840134283467046e+00	9.708333419792004593e-01	8.976281955876599383e-01	8.300339232877900209e-01	1.190804177242396511e+00	1.106783636488176015e+00	8.781654818949908847e-01	8.380502629405042203e-01	8.142632077876823526e-01	8.958393890588736141e-01	1.157807877752387471e+00	1.039211660360196410e+00	8.154512449053550327e-01	1.235745918227752593e+00	8.767629552600664233e-01	1.266011814764893550e+00	1.068372785362757815e+00	1.231733083614735991e+00	1.167185764719244290e+00	1.035918898329467819e+00	9.773418980720952609e-01	1.011002875039010318e+00	1.069211402286856849e+00	1.007006598694655475e+00	1.043295442500188352e+00	1.046493649278986471e+00	9.806259058268426143e-01	1.028326715618333331e+00	1.049838884221858670e+00	7.978069745934217583e-01	1.149254438271769097e+00	1.014690321049615207e+00	9.299456608786960121e-01	7.999275469804347782e-01	9.453660414491893427e-01	9.727666169822104525e-01	1.339760098691418211e+00	1.207000079843777218e+00	8.042914703590404724e-01	9.850282998831042525e-01	1.001291364805379391e+00	8.078991670670712111e-01	1.294481840374001491e+00	1.044123172675986755e+00	1.053455072841760209e+00	1.293561761122686837e+00	1.229125726775669891e+00	1.165287216206539522e+00	8.007039973419395329e-01	9.875673805340360323e-01	9.338848576553736569e-01	1.329899029141741185e+00	9.166768078148925802e-01	8.390102428838003279e-01	1.092917380626189372e+00	9.860248413378901455e-01	1.290409879397515391e+00	8.028026548968312248e-01	1.101243552093939426e+00	8.929400105297615742e-01	1.146656605146345376e+00	1.033923224572341981e+00	1.076425286616850219e+00	1.125715347933784471e+00	1.054116974648381833e+00	1.028558402220986157e+00	9.562815288133733604e-01	1.044128182649786574e+00	9.435463895453098937e-01	8.255453302042716768e-01	9.673979315914434940e-01	7.273979940150944179e-01	9.122297638485675764e-01	1.313788265826028256e+00	1.161151541561464162e+00	1.002054737145970931e+00	1.131797164310401005e+00	1.113175369905714529e+00	1.012381719041316019e+00	1.185937148538360297e+00	1.233393887751028650e+00	1.200026216758966147e+00	7.915418019432107766e-01	1.029194060991069914e+00	8.397773025129364743e-01	8.115063309308340189e-01	1.040842727894925046e+00	7.212205872598858036e-01	7.543116739940740612e-01	1.089976726676637142e+00	1.069944063984513249e+00	1.153796109338271814e+00	8.382077352752461685e-01	9.174710599334762184e-01	1.047019437607112469e+00	9.497492719802042016e-01	9.980861407234030702e-01	8.874703885083812249e-01	9.792979991449676236e-01	9.153040472797885352e-01	1.012533532287200888e+00	8.790283025966830754e-01	9.618536283241897467e-01	9.921964051749702085e-01	1.142399616823680519e+00	1.151067155180492518e+00	9.775690239320879993e-01	9.994395614563017505e-01	1.046539119837770704e+00	9.491889789765062257e-01	1.065768382896667976e+00	9.463124536121441110e-01	9.620579982771539918e-01	8.867439147899376373e-01	1.071969733763911803e+00	9.180597325036705669e-01	9.703841255078067274e-01	1.120949588965914234e+00	1.174927643827137880e+00	1.061370124586963781e+00	1.160292512907678653e+00
8.930430922981760222e-01	9.233820677416064715e-01	2.000000000000000000e+00	1.036967831015296104e+00	7.984600465913759271e-01	9.785396132829099480e-01	9.064968287586681051e-01	1.153555978253996361e+00	1.215607354959239439e+00	1.034651875866613002e+00	1.053013216598098989e+00	7.321776265030339736e-01	1.033826324667045826e+00	8.160362593560934741e-01	1.071121850476815185e+00	1.055111314667223077e+00	9.011441309872634253e-01	1.077179564344319829e+00	8.704288190463774777e-01	9.068792825092735210e-01	1.058241889702063787e+00	8.252629176807073641e-01	9.989215764843012435e-01	9.731305395430071004e-01	8.588989202675805235e-01	1.053517781641995832e+00	1.029591848034107970e+00	8.588914572739634323e-01	1.018054868409021818e+00	9.640034317528021202e-01	1.197019778672834933e+00	1.055734717046610704e+00	9.289851563870041851e-01	8.362613475153430898e-01	1.090946088068545095e+00	1.083523622736652703e+00	1.026356608955294014e+00	1.027362001336347808e+00	1.400924173439136666e+00	7.354180449509275519e-01	1.058607948549021405e+00	9.993973023305637859e-01	1.029241289321224828e+00	9.029307024562764905e-01	1.071562091760381641e+00	8.053088618988890612e-01	8.803756439716913240e-01	9.719914375603048162e-01	1.289746233803317432e+00	1.158439803430248993e+00	1.075488945992048029e+00	9.289424220220082740e-01	1.063619942696913956e+00	1.038223105203980978e+00	9.627188811689763037e-01	1.133311070599822834e+00	1.008704643454947369e+00	8.363100630096966803e-01	8.113438807461585967e-01	7.380653744918912462e-01	9.443931427936217426e-01	9.725932313503481419e-01	7.718783048448167872e-01	1.027324994877325093e+00	1.130078139795416492e+00	1.039835049913917508e+00	9.762177941763151567e-01	1.090687442458345924e+00	9.768116809499267639e-01	9.809873047919600575e-01	1.131741194246395521e+00	9.701893914333128421e-01	1.231869047481133572e+00	9.797017928534591524e-01	8.318406677995621168e-01	1.066191018588265260e+00	1.099544621626393992e+00	1.115566340373497445e+00	9.847414844657723654e-01	1.057149366755707254e+00	1.042271696972652428e+00	9.437276948886563765e-01	1.134090299117528122e+00	1.202777718310623856e+00	9.963306928218252922e-01	9.540624614479520371e-01	1.034117397503191871e+00	1.061640527441985338e+00	1.100741487089142989e+00	8.765547173439189876e-01	7.196230805761981708e-01	1.172087160392092153e+00	1.258305355548266835e+00	8.730462773384877195e-01	8.203892130026742002e-01	9.616181753395098841e-01	1.047464028381791090e+00	8.101515250273195745e-01	8.498855800849375308e-01	1.091865144673750843e+00	1.079840734560576943e+00	9.722788942423474801e-01	8.199413580665696477e-01	8.504990857076422106e-01	8.456231249269444694e-01	9.744774766675877720e-01	1.045344327800320716e+00	9.672503165881328746e-01	1.170905071798201691e+00	1.036749585445238209e+00	9.028939971664058373e-01	1.228404609723514618e+00	1.265798020600433116e+00	8.914229650081902934e-01	8.407517336384102702e-01	1.132189605034352509e+00	8.877338062337022384e-01	1.265091288764288224e+00	9.572554132562650642e-01	9.164885370409245890e-01	1.003673987972468540e+00	1.125120540453476092e+00	1.099144431584008652e+00	1.052540509218655052e+00	1.076642792585951636e+00	1.005880424091179837e+00	1.213249335852893740e+00	9.601106091472170201e-01	1.134199943344351258e+00	1.007493058020221932e+00	9.012215179262270670e-01	1.008059598030651260e+00	9.784683439768228075e-01	1.055162733056588031e+00	8.346943430583297907e-01	1.211694572270463066e+00
9.171766380111445738e-01	1.034559397632622169e+00	1.036967831015296104e+00	2.000000000000000000e+00	1.000387864400640314e+00	1.004015501052160531e+00	1.223539638552133546e+00	1.011246503424445997e+00	1.060974922776668494e+00	9.023941318691659497e-01	8.553634271496217689e-01	9.931181205407858537e-01	1.017121399212508770e+00	1.254686674565569149e+00	1.009937223171623710e+00	1.007584998839693435e+00	9.626037512905309956e-01	8.629221492636981461e-01	1.058638851779039713e+00	1.148454501765855618e+00	1.011846523489713157e+00	1.078197476848026026e+00	1.202827852405538245e+00	8.781165641498156482e-01	1.072274617038927014e+00	7.134384583273258862e-01	1.036094738992993980e+00	1.219634326728483265e+00	8.463356954945617794e-01	8.782317521276392647e-01	9.788003635891330267e-01	6.554267993265601167e-01	1.165111394403609557e+00	9.270895596243270420e-01	7.892447820246104584e-01	1.019382430722101329e+00	9.233096274706851236e-01	9.089797324328009465e-01	1.020542631743754702e+00	9.964778114440473455e-01	9.249521399307557568e-01	8.359038104128514446e-01	9.471580396922522072e-01	1.062429318229278996e+00	1.069775178629595702e+00	1.166652290511254630e+00	8.984870900121320059e-01	9.059838704893461436e-01	9.946666228673416432e-01	8.068028805951529270e-01	1.027508692936000667e+00	1.220821782579786685e+00	9.135095699234015987e-01	1.025613682795727843e+00	1.127871945780309915e+00	9.623353129706435638e-01	9.731428470032229550e-01	1.026660258176445684e+00	9.894402091203458038e-01	1.120008379338990556e+00	1.051260002934992110e+00	8.096733859074318751e-01	1.001402426920267041e+00	1.219255444777098685e+00	9.363117372603310118e-01	1.137795454460981404e+00	1.193633459679900977e+00	9.141638049188195447e-01	9.028638285990805423e-01	1.053891849676163561e+00	8.270296713044945625e-01	1.171045624067508228e+00	9.013550598395356772e-01	8.164213722221262959e-01	9.030817070027501448e-01	8.725766344261527419e-01	1.149370870777115750e+00	9.720934074887637166e-01	9.621907561251262786e-01	1.225090598359018124e+00	7.380679767938660429e-01	9.073056758141189171e-01	9.967722675716150782e-01	8.814808059561143327e-01	1.062125002274278307e+00	1.138506634677663332e+00	1.267505950861949060e+00	7.518028974163210032e-01	9.853520809637899003e-01	8.160207427764409882e-01	9.096807292857059801e-01	9.936552531467854887e-01	1.173420731655792082e+00	8.801366090174005397e-01	1.211362600557811087e+00	1.134238743839311114e+00	1.230695960360688401e+00	1.048235858416771471e+00	1.154057441253361294e+00	9.841457898096601653e-01	1.089100706932032869e+00	9.973231993492827074e-01	9.731872231080074265e-01	1.080662456220385703e+00	1.103332510060600846e+00	8.559861757385518466e-01	9.314349062674738278e-01	8.437000165312336097e-01	1.022847487092396479e+00	1.218704426833608911e+00	1.027090251212455563e+00	1.011681690844792980e+00	1.132466545263154600e+00	9.555678051341632839e-01	8.935504483481375715e-01	1.132743619675816937e+00	9.772850700345088182e-01	1.159475565125429819e+00	1.096739107522646250e+00	1.144788742979368390e+00	8.966796966601864316e-01	1.199309049977778541e+00	9.978346364462815643e-01	1.264358392405906306e+00	8.271788389955143650e-01	9.638020999495860996e-01	9.695690404710546328e-01	9.704833712832825476e-01	8.907340188167617301e-01	8.779264789028133897e-01	1.128851276937607118e+00	1.081893060456653455e+00	7.654121426521180993e-01	1.098321634317841466e+00	9.052865875647785332e-01	8.879741259909341711e-01
9.113656493673197856e-01	1.082268152655863291e+00	7.984600465913759271e-01	1.000387864400640314e+00	2.000000000000000000e+00	9.081509232728660619e-01	1.344560460312074435e+00	7.668045688313162023e-01	1.077743999221854709e+00	9.905703197527511161e-01	1.081438189156377572e+00	1.213926408209085928e+00	7.840664280362402705e-01	1.034975966664950286e+00	8.681147148519147150e-01	1.069485591494604648e+00	1.077754558712615607e+00	1.284911796107687909e+00	1.140276335755170845e+00	9.607735549749878423e-01	1.025070386174584458e+00	9.996412477257102802e-01	8.724166705955831436e-01	1.020036179493360562e+00	1.018466673987136195e+00	1.145980339028298989e+00	9.632994884813524950e-01	1.061019747611359421e+00	1.095710655497103003e+00	1.024267188111755544e+00	1.127883978156334122e+00	1.073887197819139105e+00	1.224065607250481413e+00	1.180816926484328899e+00	9.363319394820197594e-01	9.353732737104211159e-01	9.350866466781386777e-01	9.420205288140484079e-01	9.189981093703455395e-01	1.201890594959789338e+00	9.511874302991685237e-01	1.151935136410735527e+00	9.296434282179577568e-01	1.132263732122410715e+00	1.099931720796728518e+00	1.305411748344538658e+00	1.122899087300247123e+00	1.057925225535504499e+00	6.751980983698351313e-01	1.089101779568514505e+00	1.057898734573595956e+00	1.030898642293178069e+00	1.075856086748152141e+00	7.540692084442590648e-01	8.967538495171946122e-01	8.657329055640554660e-01	1.028176684263306662e+00	9.289239789302717876e-01	8.231602465127402235e-01	1.119486988075323985e+00	1.144224198203231735e+00	1.132160953474617981e+00	1.160384408403853485e+00	9.504763295739148132e-01	8.356961233614498274e-01	9.244152157963037020e-01	9.607276850329885542e-01	1.080820628895932778e+00	9.626009038276962526e-01	9.606565324792019078e-01	8.741068123697283143e-01	8.983927571253567113e-01	8.525952488424434206e-01	1.151156004782102116e+00	1.145701423900522986e+00	1.017820124541098714e+00	7.196632101652979951e-01	1.045533836628128377e+00	1.060224654384821941e+00	8.489108121747120927e-01	9.648441397747440362e-01	1.229557894971329501e+00	7.219757340000889645e-01	1.022825648549154476e+00	1.115718453859701365e+00	9.682326227531140583e-01	8.041378496362063810e-01	1.009158628653004541e+00	7.803322578922535779e-01	9.474914407663935778e-01	1.005306033729413961e+00	1.136838714031093600e+00	1.214651688904177407e+00	9.600658392396371754e-01	1.033709079068279912e+00	1.108812566153071000e+00	1.110322697461596952e+00	1.002795029912288083e+00	1.015112243926028501e+00	1.153645990021573864e+00	1.047803802769491144e+00	1.212049954667142604e+00	1.256284905167454724e+00	9.943938025025504945e-01	1.230291947456505275e+00	1.113875202358519667e+00	1.031124034899958186e+00	1.075722502243073642e+00	9.905208423613748314e-01	1.015004674724666378e+00	1.011636527776049288e+00	7.095651113203157445e-01	9.755169311072504623e-01	8.317571749127283809e-01	1.080643616504201487e+00	9.080178116029395952e-01	1.196966513176471736e+00	9.465646652583067366e-01	1.005290932771745860e+00	9.961659255781978306e-01	1.160891414081150819e+00	8.763187127848486302e-01	1.079394546537739252e+00	9.062756933811109139e-01	9.115918261409775569e-01	1.116224877479379263e+00	8.650190582099726022e-01	1.226492278593064533e+00	1.127101955827161328e+00	1.272678348811725701e+00	9.111026198308278534e-01	8.880099822577405266e-01	8.154072643322304303e-01	9.861883577320929017e-01	9.829173883389823452e-01	8.379070538159748560e-01
7.263146327866645269e-01	1.082339137537171370e+00	9.785396132829099480e-01	1.004015501052160531e+00	9.081509232728660619e-01	2.000000000000000000e+00	8.144457182280143703e-01	9.986002346251375839e-01	1.010107091798441381e+00	1.128780897698952623e+00	1.029231520940899980e+00	1.065893608301174300e+00	9.802541474223147588e-01	8.529836528150658292e-01	8.686899094572194668e-01	1.023881869101719966e+00	9.736482410852332903e-01	9.410743565798872501e-01	1.006580303331391590e+00	1.267196979272927182e+00	1.277477785613007955e+00	9.118347486037275962e-01	9.473997325278760151e-01	1.034682035768889730e+00	8.956450617906509537e-01	9.774147511067456939e-01	1.133077267472808680e+00	1.138707095627715882e+00	1.097178995651046929e+00	1.017799520786988543e+00	9.106787016018240699e-01	1.166805299320512690e+00	1.064858312089186354e+00	1.120212679774865272e+00	8.135086457448913455e-01	1.117406541568709111e+00	1.148647014358530116e+00	9.784552193561404376e-01	9.628326594394858162e-01	8.640690460467714828e-01	9.658664434967376700e-01	9.274095875893544338e-01	9.374852515588164570e-01	8.690163410734982330e-01	1.002596465063288811e+00	1.178713874618678270e+00	8.428374992242673169e-01	9.899031674660084823e-01	9.093161569672434386e-01	1.101711541119896332e+00	1.052063686949332943e+00	7.717992374331752448e-01	1.012470218520061804e+00	1.020955813533907630e+00	1.077350528276970865e+00	1.137611608237406813e+00	8.776964711908361583e-01	1.026783937572835370e+00	1.005819025649455467e+00	9.817184435523861330e-01	1.070288114745055141e+00	9.800522411492162966e-01	9.238702282792804477e-01	1.058064594654054114e+00	1.052101162162969228e+00	7.261958855997920903e-01	9.868352543296785573e-01	9.850657630856064495e-01	1.327802830185055960e+00	1.043731682342817324e+00	1.008888042524737960e+00	8.352050438856655212e-01	9.102050010739781705e-01	7.163599026148528282e-01	1.113767607771940504e+00	9.610220314568600486e-01	1.054990707282959628e+00	1.085534206648046673e+00	8.569120224347311909e-01	1.013805670243274282e+00	9.450915862475672835e-01	8.635776894807807302e-01	1.107614838387874556e+00	8.714218918137248693e-01	8.743583281755760162e-01	1.219100165834966942e+00	7.861515033197565838e-01	9.848238629656699272e-01	1.091085825246702612e+00	1.037103114574210228e+00	9.131888812744893835e-01	8.242645089658164892e-01	9.888874553182742666e-01	1.028915864584415418e+00	8.629213656237944008e-01	9.096340976036747517e-01	8.027222841398091724e-01	8.568471872805223377e-01	1.056132022277423754e+00	7.694731629053421784e-01	9.536196646776685659e-01	1.221024518960927896e+00	7.891060301970602708e-01	1.020249815839149532e+00	9.061275329373696952e-01	1.416320579829551729e+00	7.844145062953087333e-01	9.505481998805184185e-01	9.514956703590359277e-01	1.209199680011278755e+00	1.102813240087398228e+00	9.590803375962411170e-01	9.225435816348690476e-01	1.022480966488093834e+00	9.727696503095845104e-01	6.756987702478088886e-01	1.145214452969593344e+00	1.058767545107279995e+00	8.983916991519025341e-01	1.138160179395136140e+00	1.007676089282113718e+00	1.040874796456157103e+00	1.246168384122741779e+00	8.187041099310091719e-01	6.871810322178719677e-01	1.053117409571421526e+00	9.541988672271629612e-01	8.225228673290428949e-01	9.668539409419074637e-01	1.031666520843812940e+00	8.156323227996726821e-01	7.833354453679487461e-01	1.345418986728499355e+00	1.148579698946850414e+00	1.035236595174989560e+00	8.890099815115953819e-01
1.115873740151586579e+00	8.051956933775755720e-01	9.064968287586681051e-01	1.223539638552133546e+00	1.344560460312074435e+00	8.144457182280143703e-01	2.000000000000000000e+00	8.300663862213324418e-01	1.107224151416072777e+00	1.185941690869124709e+00	9.264286965691264086e-01	1.169655626157801498e+00	7.881146854098907140e-01	1.179792263900202753e+00	1.040350810591453623e+00	1.012511975620327132e+00	1.002347689144590825e+00	1.046828055651885414e+00	1.166112627059750162e+00	9.962100757858897149e-01	9.341761064061745445e-01	1.169271486255156089e+00	9.150187329599906993e-01	1.009216869602358457e+00	1.083218739015499921e+00	8.904988520480489056e-01	1.064525381411213445e+00	1.195681922251528917e+00	1.038727226144036120e+00	1.061337639056328497e+00	8.973366302277251405e-01	9.216653309382019099e-01	1.074872786887850928e+00	1.044859108417422799e+00	8.009645872862194427e-01	1.112897626651481398e+00	8.300163620956160226e-01	9.326228494024655369e-01	9.014611464455928314e-01	1.055260771662925645e+00	1.000265089286388243e+00	1.096356793961708043e+00	1.131931703487611074e+00	9.078138803457551642e-01	1.276829697330919000e+00	1.146140380476400100e+00	1.047567844522173441e+00	1.092156306857312131e+00	1.061720272777467722e+00	1.069587887466762810e+00	9.923728910919078494e-01	1.028595931263246221e+00	1.102505721259016136e+00	1.224942193973380000e+00	9.779749056628969095e-01	1.028595954449937677e+00	1.039894232859845946e+00	9.326318006835184748e-01	8.060134713418602992e-01	1.185227549876972208e+00	8.938804681834100485e-01	8.657179791909321853e-01	1.088568658936436062e+00	1.117698859756053098e+00	9.211002568990216410e-01	1.214943958261970991e+00	1.081602153074886496e+00	9.784868055024181777e-01	7.615834926527373927e-01	9.119185837170846742e-01	7.916261877174807227e-01	1.029045912300726950e+00	8.500112100605773380e-01	1.153500026697802827e+00	1.111097652238021816e+00	8.595055332167729212e-01	8.962371200309754427e-01	9.414097278798418955e-01	1.479828602323732367e+00	8.244385446479414181e-01	9.702406309379941751e-01	1.072600309566414500e+00	8.152266925106540496e-01	1.007439622501510534e+00	9.998147537997420509e-01	1.010981099257742377e+00	1.113997676085305422e+00	7.574782072301028402e-01	9.430610244424174615e-01	9.328604566198299697e-01	1.055286941399159462e+00	9.766507018635290915e-01	1.244041720125020900e+00	1.036422092337507150e+00	9.713823557386522811e-01	9.535344901790164807e-01	9.842227107508273454e-01	1.227810023929468697e+00	1.071054635472945105e+00	1.056000205154995264e+00	7.839636377016808710e-01	8.947716222037044309e-01	1.180961277935748344e+00	9.940431271057574847e-01	1.363131200363423279e+00	8.198090578670431672e-01	9.865892712859875013e-01	9.793408695798294650e-01	1.152212334898622625e+00	8.685171642918254609e-01	1.093479543019104439e+00	8.436998661380976650e-01	9.036445614837562701e-01	1.069926819824336350e+00	9.897800350919715440e-01	1.055659311728043726e+00	9.398892434060901468e-01	8.093258066288496755e-01	9.422032179061937684e-01	1.104273740498107781e+00	1.003021991139927405e+00	8.952190021167908407e-01	1.163316290118578733e+00	9.209369942407267251e-01	9.420198166677843377e-01	1.022116848547997447e+00	1.045405436916738040e+00	1.215353027818097509e+00	1.014518263538972009e+00	1.074861694474444906e+00	1.121710664052103512e+00	1.108376388326829831e+00	6.875030966025597046e-01	8.957935683850106745e-01	1.008162928979206452e+00	8.791663953111248375e-01
1.072699665166499727e+00	1.011490922674018744e+00	1.153555978253996361e+00	1.011246503424445997e+00	7.668045688313162023e-01	9.986002346251375839e-01	8.300663862213324418e-01	2.000000000000000000e+00	1.081525737996420933e+00	8.933759619864206636e-01	9.494953282775465686e-01	9.803707675593670290e-01	1.042899866063019321e+00	1.100954810599707345e+00	1.168177055361039329e+00	1.048595284783828463e+00	8.594540502566638818e-01	8.362649716915353526e-01	1.045074662718053826e+00	9.758306260829462397e-01	9.127836579930163063e-01	8.487344026073696535e-01	1.029841621906222970e+00	9.270617108020325903e-01	9.763153557389895321e-01	8.876655919333029665e-01	1.103039027236921932e+00	9.355995624844910541e-01	1.029171788788441289e+00	1.054454428951531630e+00	1.113039278839777602e+00	9.298204155569578244e-01	9.889090299748348745e-01	9.936338622412294042e-01	1.137145730664366416e+00	1.099549528556894362e+00	1.032077340361558626e+00	1.097875591276109564e+00	1.034968068161471910e+00	7.338291976921585968e-01	1.302242727741851125e+00	1.030665325316094894e+00	1.035927639146685841e+00	8.905602825510874343e-01	9.353410099470924610e-01	1.002094552188884213e+00	9.867685114586657313e-01	1.064066437091659045e+00	1.018805482625139147e+00	1.040297611903056252e+00	8.363117821332599622e-01	8.978180626754850291e-01	8.784545593518118256e-01	9.617010004113982768e-01	9.764970155475156677e-01	1.304876078457875010e+00	9.673449811695212786e-01	9.359208424309171104e-01	1.006674837357051766e+00	6.764414722250302603e-01	9.065478495803748205e-01	9.504763136382063937e-01	1.040768599428589347e+00	9.925194805406487575e-01	9.420141597491601404e-01	9.911419688022226060e-01	9.482412905640643652e-01	1.140487497494890201e+00	1.079424229021654691e+00	1.103934006426087189e+00	1.165545929848739615e+00	1.164390321421999275e+00	1.205973283807282304e+00	9.068333334394991230e-01	8.297571842872957237e-01	9.446077291437904311e-01	1.104109677019988744e+00	8.132747393487639309e-01	8.149551586446055484e-01	9.843097633554100945e-01	1.004652327670614742e+00	7.040834016822390407e-01	1.131594469422052107e+00	8.650941565352198159e-01	9.531456381978670178e-01	9.738978771134079171e-01	1.054962197029636783e+00	8.226894415667426186e-01	1.157961011261509521e+00	9.187863809643185276e-01	9.295076835067019871e-01	8.881247615755649694e-01	1.072047240496200038e+00	7.525935924236433205e-01	8.836217096334831878e-01	1.344292031276382193e+00	8.447347462499150694e-01	8.887032255550346704e-01	9.193616317404040839e-01	8.007800254472547952e-01	8.497245191335430770e-01	8.742988477336492981e-01	8.332990098560031367e-01	9.979363742615191546e-01	9.327950224707601823e-01	9.795940656331512120e-01	1.129893145678993793e+00	6.581239701636770745e-01	9.329937433575412609e-01	8.834437420807718100e-01	1.323420351027145170e+00	1.065779233786975810e+00	9.833674992224437084e-01	8.741265478491077046e-01	1.073593323615668282e+00	9.630093492421974988e-01	8.807725860811131957e-01	1.171751230451257397e+00	1.007081433759779099e+00	1.236874568532948082e+00	9.519764539935278158e-01	9.203993183302646708e-01	1.122953093272079261e+00	9.660027178951161586e-01	9.367262127583546594e-01	1.039886277469655118e+00	1.216999998014389961e+00	9.455931840651610187e-01	1.043059733236149977e+00	6.804247856176308673e-01	8.594612966721270064e-01	8.469365695637829372e-01	1.066899337974104744e+00	1.013368445223402414e+00	8.157793956791584700e-01	1.237017323399083990e+00
1.197653949170892185e+00	1.125634257457471143e+00	1.215607354959239439e+00	1.060974922776668494e+00	1.077743999221854709e+00	1.010107091798441381e+00	1.107224151416072777e+00	1.081525737996420933e+00	1.999999999999999778e+00	8.713886760344239368e-01	6.388095611443007638e-01	1.050205526118124233e+00	1.092962951756525136e+00	9.902146229367975172e-01	1.079494385114212252e+00	1.043422361807801346e+00	9.697136620689328357e-01	9.657319898433597283e-01	1.147498077562316254e+00	9.235411078107720328e-01	6.763608070606972333e-01	8.057796330330526668e-01	8.848901303903106141e-01	8.809685649659821927e-01	9.442528462361358121e-01	1.222826018828933270e+00	8.785352035755247257e-01	1.028177927846461337e+00	8.808922928592872736e-01	1.282342811747228417e+00	9.791755051511690233e-01	9.331150065553688311e-01	1.081593864016636264e+00	1.255078574228635668e+00	7.580555806553254117e-01	1.207105984538053622e+00	1.051204283836715714e+00	1.156853446874123836e+00	1.127029098584821254e+00	8.890699211310691963e-01	8.875827690525016633e-01	8.621011715783113427e-01	1.132805165511794332e+00	1.038566077741410520e+00	9.386391818095063400e-01	9.766225026058235059e-01	1.032124110975372044e+00	9.152835190652909292e-01	9.658498585114565493e-01	1.131706532704809032e+00	9.932130180135735342e-01	9.873258871356266342e-01	1.178949546122750158e+00	9.945778345461515624e-01	8.137376576038962694e-01	1.157091776537927386e+00	1.179606065025851303e+00	9.683665230979375815e-01	9.885955336606218058e-01	1.029966367883357714e+00	1.243299381571500994e+00	1.005468895802403395e+00	9.507218037454401305e-01	8.622729470279713038e-01	1.275202913956392292e+00	8.580105288421230325e-01	1.041783939463281072e+00	1.220688151771213814e+00	1.149132813405234321e+00	1.025249181077352301e+00	9.646264114584521820e-01	1.216197633028849090e+00	8.208252003088466475e-01	9.185022703852210313e-01	7.426222518608460721e-01	9.853126432319975203e-01	9.824505566408949786e-01	1.030263069364941497e+00	1.190266702038519142e+00	1.142159307718262351e+00	9.538128601604322077e-01	9.234161457585764454e-01	8.307104778366800613e-01	1.066518633766817326e+00	8.730768267072076538e-01	8.430373702817123283e-01	1.074965522868429835e+00	9.306003363193352529e-01	1.132073376499036499e+00	9.639093243751832851e-01	9.135779160585104641e-01	1.175051376366940126e+00	1.099668988987263063e+00	1.136981073217796734e+00	9.220350332169953145e-01	1.336989931121983055e+00	9.975898852465105993e-01	1.177249448555532485e+00	1.058658986676079383e+00	9.658724917540630894e-01	1.236575714431823014e+00	9.122205073111868678e-01	9.905768489274189292e-01	9.126340640161891837e-01	1.201037461756091940e+00	9.852379074694262995e-01	1.022038494266397368e+00	9.788484590599660917e-01	1.032928682989755043e+00	1.019205202793522336e+00	9.832427527747977791e-01	9.935340829951261332e-01	9.569649576312747596e-01	1.055260959938558729e+00	9.047141783211116728e-01	1.066233502611687589e+00	8.244825384295439985e-01	1.005198631740309212e+00	9.772585958697812547e-01	1.046634470665033234e+00	1.042729390445188642e+00	1.053047011016777557e+00	9.846174770976774404e-01	1.000996264219713217e+00	8.567961947811377765e-01	8.583323815000925006e-01	7.624815407858513971e-01	1.091478366909994113e+00	1.326123661507714102e+00	1.085227167032497553e+00	1.159217099102634707e+00	1.057855784147832656e+00	9.844298941007210146e-01	1.119897526534922250e+00	1.045737199975820042e+00	9.366185657749855897e-01
8.957146459038919373e-01	1.070985125829125639e+00	1.034651875866613002e+00	9.023941318691659497e-01	9.905703197527511161e-01	1.128780897698952623e+00	1.185941690869124709e+00	8.933759619864206636e-01	8.713886760344239368e-01	2.000000000000000000e+00	1.051688722008210730e+00	9.391381391737778639e-01	1.007319400141447385e+00	9.272167491075349322e-01	1.094114473193805726e+00	8.938927225392649945e-01	1.016696381309747821e+00	1.173057777904164878e+00	1.005085883614544429e+00	9.792331589864634589e-01	1.133843287836508562e+00	9.316181328010666451e-01	1.059256887268787972e+00	1.076610176322321033e+00	9.081082023189217534e-01	1.077738549822390368e+00	1.005105813377425772e+00	9.686773295098186631e-01	9.577941880103664207e-01	9.388111328859467530e-01	1.138947108233210104e+00	1.236336072067996117e+00	1.103322115334967046e+00	1.207044304725502837e+00	1.021655532672795630e+00	9.714811438829384915e-01	9.693935440663109526e-01	9.060674041777989629e-01	1.089312202782557470e+00	1.127359831220027475e+00	1.128163273206815642e+00	1.098725502089857642e+00	8.456387451416254031e-01	1.164997012096831375e+00	9.920270435991589419e-01	1.021188957407555220e+00	1.096666719559142411e+00	1.043948741569159955e+00	9.364903233720595077e-01	9.857317331031331120e-01	9.811220803985083450e-01	9.492036125900132904e-01	1.159285824135671161e+00	1.057452483977949775e+00	1.073948534299842494e+00	1.086880185876728744e+00	1.066891559794786115e+00	8.914424683082300405e-01	8.549810485081323908e-01	1.065463599896692592e+00	8.331227813961628037e-01	7.696733437730228777e-01	8.337161229394123296e-01	1.043914768518591440e+00	8.630694811605598149e-01	8.548780697514247739e-01	8.276560984771864637e-01	7.844235260907755913e-01	1.112556790061734802e+00	1.315519501632878230e+00	7.968425336350947186e-01	9.971995086484242155e-01	9.944891303193360566e-01	1.064856449354105505e+00	1.118355193489333876e+00	9.423106950556989769e-01	9.664518925068763533e-01	1.187592511089899050e+00	1.124432853526359910e+00	1.010347542228013706e+00	1.369986149050753665e+00	9.587530855870344260e-01	8.892693446845184591e-01	1.042296510401829801e+00	1.162021781116348684e+00	1.074537271342082212e+00	8.257300276676128314e-01	8.923828114520242494e-01	1.030699103658552662e+00	1.141872249750679913e+00	9.791960927037398621e-01	8.781765619472869933e-01	1.134052655471418758e+00	9.666773519042261009e-01	1.078363414382492946e+00	8.310829667686513433e-01	1.064350445132644651e+00	1.014340698112475625e+00	8.173536410151012177e-01	1.062388690450649875e+00	7.221950316894687472e-01	9.473043696524003909e-01	1.055595578259743927e+00	8.243464561385728251e-01	1.051740518778409239e+00	9.803176132395312603e-01	9.719010275188811887e-01	1.077792176088717024e+00	9.352760687902057501e-01	9.619236499009145014e-01	1.258194608957392990e+00	1.090048036916062113e+00	7.723758513589682462e-01	1.186897016846664155e+00	7.938003762845505795e-01	1.118581131634550863e+00	1.182747301983440691e+00	6.366579044850839697e-01	7.794998397069610174e-01	1.200838600782253129e+00	9.920077583098165785e-01	9.138062808041562679e-01	1.021545352836720877e+00	9.347826263965915983e-01	1.073016516602646409e+00	1.196528304247198804e+00	9.230312334167449784e-01	1.105300708630138740e+00	8.727261061023459110e-01	1.033271279302733436e+00	1.017242994153059854e+00	1.136928671831868520e+00	1.120989152728321780e+00	8.474163968340902020e-01	1.082736292112968846e+00	1.027566350425245689e+00
8.807557341574142606e-01	9.301211280002655846e-01	1.053013216598098989e+00	8.553634271496217689e-01	1.081438189156377572e+00	1.029231520940899980e+00	9.264286965691264086e-01	9.494953282775465686e-01	6.388095611443007638e-01	1.051688722008210730e+00	2.000000000000000000e+00	9.363803520971075711e-01	7.776784885394080193e-01	9.265713773770876127e-01	9.239605175926937086e-01	1.146413173016114451e+00	9.298397432081777492e-01	9.622100421460416664e-01	9.438222691162032607e-01	6.817826667156440257e-01	1.300021823077460503e+00	1.285224907667711358e+00	1.249047052659488344e+00	1.168863333528652015e+00	9.485114513412642445e-01	9.824344014106367595e-01	1.187857314711034284e+00	9.375754155864642891e-01	1.192366025585269274e+00	8.590384161921075235e-01	1.076745900105041676e+00	9.981643220441810405e-01	9.690692291190254881e-01	9.355456687844025954e-01	1.063096276375435911e+00	9.423483741763596377e-01	1.181978763121902976e+00	8.711845811734140188e-01	9.744211265501609986e-01	1.011707273970842369e+00	1.100016744243904387e+00	1.032179426675698730e+00	1.184325906670605111e+00	8.381028609922986927e-01	1.014305171503917968e+00	8.892836663730342428e-01	1.106706235951912420e+00	1.038614139893162758e+00	9.452730661474549878e-01	1.063389857189535270e+00	1.049155067380891371e+00	1.091874853768527664e+00	8.461238547737632842e-01	1.049649212708375190e+00	1.040250696361361138e+00	7.730948529592206464e-01	9.092117416621301462e-01	1.090327685083436027e+00	8.700454850922453298e-01	9.963940953066299233e-01	9.014652644843853535e-01	1.098666259523444433e+00	9.506395537001235407e-01	1.040992126228861725e+00	6.767591483367207950e-01	9.142656036572935907e-01	9.299966672764400366e-01	1.112445177683416997e+00	1.017623048917293715e+00	1.023508838550475142e+00	8.703860108458756351e-01	9.666710085032051980e-01	9.865722399866354575e-01	1.245813431143983019e+00	1.089156814427016506e+00	9.714810070697051936e-01	8.552251692633695557e-01	9.744100080899938954e-01	8.266105761321438372e-01	9.588295031166440552e-01	1.089544783311967358e+00	1.022989916200543581e+00	1.091939740081105947e+00	9.659703883707152494e-01	1.037457404984093667e+00	1.031823975907718793e+00	9.337188335135722106e-01	1.068919805611864282e+00	9.383595287514581162e-01	9.968486067749203761e-01	8.760576459472021460e-01	1.046380042919097031e+00	7.865257302301184028e-01	1.076915113199576224e+00	9.847003015098748646e-01	8.642197314308701639e-01	1.019694405129358827e+00	6.296596288187307211e-01	9.813233026823806604e-01	8.869395915758920834e-01	1.045483476977493442e+00	1.038414132975572723e+00	1.119079627200499472e+00	9.571932843372671362e-01	7.272392946265434643e-01	1.270675852701746766e+00	1.132762901434039460e+00	1.045137125246468068e+00	1.055593897626284638e+00	9.350426428374729593e-01	1.123307859086138505e+00	9.265919433306185615e-01	1.098914155475415155e+00	1.002456538658814678e+00	9.229027651603158855e-01	8.279864997138043359e-01	8.926052711040327603e-01	1.043054001181285662e+00	1.010420952698203090e+00	9.448732591180817320e-01	9.868342328481936043e-01	9.630574510915940190e-01	9.833973892471348233e-01	8.100509083984183123e-01	1.115100875243694833e+00	1.131077783420610716e+00	1.038017027600794062e+00	1.058718833198359910e+00	8.244459099660981227e-01	1.085635201663520899e+00	9.974525179506432693e-01	7.861023878157197275e-01	1.086957265195112710e+00	9.881744921949449090e-01	9.691821637959372460e-01	9.980659195590362298e-01
