2.000000000000000000e+00	8.717223169827970075e-01	9.802711567258580727e-01	1.006230615746786849e+00	1.027862296443752044e+00	1.029225536706716682e+00	1.048616064660491398e+00	9.911488083034266650e-01	9.807907633864328956e-01	1.065908606439430750e+00	1.072559275830279546e+00	1.184304695595708168e+00	1.061019476927298699e+00	1.006165339546711834e+00	9.421072521522931842e-01	1.029294552655199535e+00	8.941556155251753069e-01	9.414925468541651687e-01	1.023900286129085790e+00	9.701493809528678458e-01	9.590552886160517154e-01	9.907640876219283577e-01	9.668564646500218407e-01	1.130207745634682848e+00	1.081906216540182708e+00	8.906629520826707669e-01	1.060052082130305662e+00	8.722667217861646005e-01	9.292198583599334816e-01	1.087271638312956368e+00	1.157039935358172178e+00	9.767363808318108021e-01	1.011317311859483148e+00	1.031529200869902185e+00	1.014999076626634578e+00	9.167786075188038009e-01	9.996357182232896710e-01	9.557835154635998531e-01	1.059294293795507436e+00	1.094625936772303243e+00	1.154142939148244507e+00	1.175865290558721243e+00	8.823214999542581261e-01	1.005835428709594082e+00	9.894722977282121024e-01	9.226743646760308115e-01	9.342868833933181127e-01	9.129487829302856960e-01	1.052092344425327841e+00	1.076193997508206657e+00	1.014810753243702734e+00	1.025967532376026670e+00	1.018573455185494581e+00	1.074411055475746446e+00	1.066013451467900053e+00	1.113544093666701595e+00	9.736898573932746270e-01	1.031395710355886175e+00	9.483017135106889262e-01	9.076119725335143329e-01	9.542237346598709813e-01	8.934110005803855836e-01	9.449982507342464810e-01	1.061781033484240133e+00	1.035606136000591038e+00	9.744327169553392842e-01	1.086591029949445009e+00	1.034901656821552107e+00	9.928876797206772631e-01	9.594684905962820309e-01	1.039977548404646290e+00	9.806008023774379634e-01	8.427640151422268744e-01	9.521643816687214157e-01	8.833623187839223512e-01	9.404037624291499142e-01	9.545003007877843615e-01	9.655669935722022146e-01	1.058544501281492467e+00	1.019401090106619723e+00	1.034640949099708163e+00	9.328956549295834844e-01	9.191539461319992999e-01	1.075003860439931680e+00	1.039021462817095953e+00	9.795657588231975188e-01	1.006455184287968097e+00	9.666034965606957741e-01	9.728247660640995109e-01	9.320755648030238927e-01	9.943964887279709286e-01	9.543792335547095496e-01	1.004795132448533357e+00	9.742316469014862257e-01	9.239848977644902206e-01	1.044360990867283512e+00	1.021487346532687246e+00	1.071775333060017044e+00	9.616264026990122282e-01	1.067329637631108330e+00	8.429113963730096026e-01	8.948641163157123879e-01	1.053267251000083338e+00	1.061657947796617041e+00	9.140310933971347307e-01	1.086878675599022070e+00	9.832704960631044599e-01	9.694817217978092261e-01	9.952409384797260561e-01	9.451081603310232948e-01	1.094091097193857109e+00	9.656224492136193938e-01	8.449136535184526009e-01	1.005890161547402295e+00	1.093342413895552090e+00	1.007964238254725586e+00	1.009082590987633310e+00	9.630109795686212504e-01	1.013683698096683683e+00	1.011475893881377486e+00	9.996111764421524715e-01	9.744536872993622145e-01	9.472186323495405125e-01	1.031449216917484923e+00	9.048874920324458948e-01	9.303961176449146997e-01	9.049632551952577764e-01	1.094028314328404194e+00	9.476254684584847210e-01	1.054222444775184231e+00	1.033830818062909884e+00	1.031255988436572846e+00	9.248935952765623414e-01	1.019617817822462191e+00	9.488868311965532598e-01	1.023327374663927980e+00
8.717223169827970075e-01	2.000000000000000000e+00	9.110076502799324683e-01	1.098766637983943806e+00	9.669695631426260540e-01	1.025669907417817717e+00	9.451708495248067887e-01	9.264952987980558108e-01	1.058711628402867033e+00	9.971108088531120961e-01	9.695633305971174121e-01	9.125534883954388166e-01	1.033703789833865461e+00	9.478820542914326852e-01	1.123391141588945707e+00	9.248108883622679910e-01	1.022936191358958746e+00	8.967340056883705834e-01	1.042851265832516194e+00	9.424040025813914534e-01	9.942346406449077412e-01	9.873742376947390875e-01	8.956963191298810134e-01	9.664417958692607113e-01	9.173939242595774424e-01	9.855581759482729964e-01	1.057020927429903612e+00	9.984674070185918238e-01	9.533646512307526466e-01	1.090569500823365567e+00	9.218018612804977918e-01	1.151897888513914836e+00	1.017745431972088221e+00	1.070400515384223761e+00	1.197978539844907653e+00	9.945012959001600095e-01	1.032882190177205839e+00	9.520337527321871551e-01	8.972281680457810937e-01	1.007845503066907344e+00	9.599274760431026898e-01	9.537420954830163611e-01	1.037541784883679430e+00	1.021645290189294064e+00	1.080195663382674809e+00	1.120120378536380024e+00	9.859088294473657976e-01	1.127208753525902329e+00	9.454528763670109193e-01	9.689242421907183767e-01	1.046208460993602651e+00	1.007939017060863307e+00	9.829241188821946640e-01	9.845860075109279519e-01	9.167997024536520545e-01	1.056889891218449007e+00	9.443620558326935033e-01	1.040063422167003759e+00	9.486720970582163126e-01	9.625773418808858395e-01	1.059616552798039013e+00	9.985138724353428419e-01	9.670306312578147434e-01	9.673178216489083381e-01	9.401751071881545574e-01	9.659171883593457020e-01	9.567029162900941852e-01	8.972562119120398583e-01	1.011388128455817936e+00	1.078798410504232530e+00	1.045020962546601595e+00	1.033697934911069760e+00	1.001833349301900045e+00	1.065865411320927159e+00	1.034722131590392280e+00	8.966626036425269231e-01	9.680719717048497097e-01	1.059728964508159565e+00	9.582287842759467100e-01	1.116828805651635559e+00	9.982019104960452305e-01	9.950392072163493085e-01	1.006767564937061321e+00	8.739209572020174566e-01	9.102419815167640538e-01	9.733260942273637140e-01	1.047732400893992333e+00	9.967596941058581850e-01	9.671546563951540776e-01	1.096490409269497590e+00	8.992269842062891039e-01	9.840856194406740753e-01	1.092814340371040860e+00	1.012118128274632989e+00	9.177129351177779615e-01	9.016572450436446395e-01	1.015922228159191310e+00	1.029716448979451027e+00	9.357587900322150709e-01	8.407422666692523361e-01	9.896579634732383113e-01	1.055556475478094391e+00	1.150698633478404176e+00	1.049665853347012678e+00	9.288528996607292587e-01	1.011040814549254430e+00	1.021941757659932337e+00	9.693173286854979143e-01	9.350211072870108220e-01	1.122023185655110611e+00	9.994575310395672485e-01	1.058065648940574643e+00	1.028475490507654300e+00	1.036404966375387149e+00	1.040072519391742611e+00	9.750492786648948806e-01	9.605419384871345390e-01	1.007796077696530901e+00	8.585929079299050581e-01	1.013724933596031885e+00	1.026955544024497513e+00	1.000574958594063091e+00	9.446634398775751729e-01	1.087432283677804756e+00	1.033541620607998590e+00	1.038486750482631615e+00	9.656327607706448601e-01	1.066126572265446049e+00	1.076356258903311769e+00	1.025775009589385833e+00	9.633407543159312469e-01	9.555537627263337441e-01	1.002393711447278735e+00	9.263413554585351317e-01	1.051273521526644883e+00	9.654108035552932954e-01
9.802711567258580727e-01	9.110076502799324683e-01	2.000000000000000000e+00	8.874822603755759820e-01	8.329353991000892909e-01	1.013978059613171778e+00	1.133934610006295918e+00	1.032325440082924040e+00	8.966034335375081543e-01	9.737268035470114658e-01	9.949991138993189432e-01	9.717441788145297910e-01	1.024278165377319194e+00	1.090910616333911287e+00	1.027101253229393718e+00	9.366591980902790882e-01	8.482898525438011816e-01	9.207472076491360902e-01	1.020503170963989126e+00	1.015216121701938645e+00	1.018807088406434191e+00	9.224169486484109504e-01	9.604089839989601307e-01	1.062669601635253258e+00	9.669306822263531442e-01	9.770647698522476610e-01	9.572340579945507466e-01	1.003334263346633337e+00	1.123298127914834410e+00	9.676491831187236103e-01	9.924023370173620240e-01	1.020904424081465312e+00	9.937487220076443029e-01	1.058637661008631436e+00	9.938222960209458501e-01	1.010252034576399005e+00	9.381575283378285057e-01	1.036439600004301020e+00	8.755729547319883732e-01	1.009970560162408715e+00	9.352450497884983172e-01	9.871984621019984640e-01	1.052373252147932980e+00	9.883322771687256258e-01	1.030012126626769220e+00	9.859641310295687022e-01	9.772840008487875263e-01	9.823020895410206066e-01	9.879542002899405206e-01	9.689665639202885705e-01	9.837196711335611798e-01	1.021385832480586231e+00	9.788553347183029940e-01	9.915650635231814114e-01	1.047374814799525655e+00	8.661241209751970871e-01	1.160669431119404571e+00	8.659858213132098914e-01	1.035365710832586217e+00	1.044499601791657240e+00	9.502483048455165893e-01	8.840550145969318097e-01	8.413804776934956653e-01	9.226685234104581301e-01	1.083388874538254720e+00	1.064525910999092106e+00	1.096828705556500472e+00	1.012075149646615602e+00	9.525936306788268526e-01	9.830938334255153732e-01	1.011989120771703776e+00	9.903483580851547563e-01	1.047076385479528193e+00	1.019883386270570069e+00	1.129513313770565963e+00	1.071435377431170677e+00	1.029907961884261480e+00	1.106741064153128784e+00	1.012515771460985814e+00	9.598601764264841352e-01	1.116502610975282472e+00	9.533632223494102886e-01	9.443694353917658768e-01	8.914856682565223123e-01	1.156902198050235864e+00	1.108346495740006432e+00	1.010966663702381085e+00	9.723810763867620777e-01	9.875880212907669486e-01	1.080923836726404685e+00	1.042135598045212941e+00	8.502663396461371814e-01	9.714579701355444685e-01	1.010944479658103301e+00	1.059534343370720499e+00	9.567335493077602226e-01	1.074636301255321946e+00	9.095970940318587328e-01	9.473966642195958965e-01	9.630087327241848572e-01	9.911895698315754677e-01	1.002262593736519714e+00	1.021905817524631832e+00	1.040783469301664432e+00	1.026372663038288557e+00	9.866742940002894979e-01	9.735844911766712295e-01	9.480518212806401390e-01	1.015424010736809324e+00	1.033574555370337045e+00	9.921255228148418981e-01	1.052390449667290895e+00	1.018754483437543712e+00	1.050540125559820792e+00	1.027609569777622855e+00	1.068010563904872257e+00	1.035781129367307374e+00	9.795054714194386669e-01	9.668753085972022765e-01	1.058531692943462943e+00	9.858022305981185562e-01	9.697315090822301586e-01	1.037418573958131640e+00	1.116131212719389865e+00	1.059753322972870171e+00	8.916393938130136032e-01	1.061931439383569931e+00	9.977224033132277015e-01	1.038990181904508425e+00	9.814414828174415906e-01	1.102724523277864632e+00	1.050899497733118526e+00	1.086242189225515409e+00	9.480293604510191541e-01	9.467004478863058070e-01	1.028291848462155045e+00
1.006230615746786849e+00	1.098766637983943806e+00	8.874822603755759820e-01	1.999999999999999556e+00	9.241281993980361431e-01	1.021532650463677916e+00	1.049068551305173402e+00	1.066454103280982668e+00	1.013050820534792784e+00	1.011981204488613617e+00	9.850713980046593710e-01	1.044378231192700346e+00	9.641614997290789413e-01	9.609688067068088424e-01	9.162496154454918829e-01	9.237964312805886369e-01	9.720843253347063451e-01	9.518662925328642554e-01	1.067430550970462244e+00	9.832267555579308205e-01	1.017554805028784592e+00	8.995115101299152593e-01	9.914204590843253007e-01	9.377730614952459742e-01	1.113524822249260415e+00	1.067969814894995650e+00	1.025407259173390484e+00	1.037709554216329710e+00	9.628662002182736268e-01	1.095747665311838537e+00	1.019180053774943140e+00	1.064471679746539001e+00	1.112795090814477472e+00	1.042029385764366101e+00	9.528727958767215789e-01	1.025089274379917148e+00	1.074769538018680803e+00	9.373871357282193006e-01	1.100318815326122079e+00	9.867262258047602153e-01	1.073783053691791833e+00	1.131522143899372335e+00	1.073921632605818299e+00	1.026717376711987706e+00	1.059457236022823379e+00	1.146530558218920470e+00	1.051396744036172448e+00	1.057527879400925075e+00	9.916250188401001253e-01	1.017692734451647540e+00	1.006792399217674383e+00	1.018959021705428514e+00	8.778435232169984337e-01	9.035630074422413838e-01	9.522116858813446383e-01	1.011270020004147785e+00	9.122676986578119873e-01	1.083930714751671021e+00	9.499714882966340257e-01	1.057377540764055102e+00	1.009760538604207003e+00	1.070405198570223204e+00	1.004765809480889116e+00	1.001854075893030327e+00	9.960442754806472232e-01	1.041884184830215831e+00	9.663778326400401797e-01	9.103035084646913244e-01	1.009832565758036038e+00	1.008340946648195402e+00	9.541056711459574569e-01	1.048135646553420175e+00	1.004422322236861786e+00	9.964614008087974151e-01	9.763752165633505786e-01	9.612497152755243857e-01	9.965213037369198279e-01	9.401760274392589878e-01	1.017653332936061972e+00	1.018762838068616228e+00	9.059709111115377134e-01	9.242832985649429567e-01	1.020037054783704766e+00	9.942771432748144234e-01	9.876983218507607853e-01	9.173232019227767209e-01	1.013514593108607587e+00	1.020907884603944549e+00	1.050243755314737015e+00	1.040472249414117201e+00	9.406898102493378433e-01	9.468285609963817961e-01	9.571265267242948793e-01	1.004666264308171630e+00	8.597544263694192335e-01	1.011445843793995492e+00	1.027719388852135429e+00	9.503457435763769112e-01	1.084741045293170503e+00	1.060038732059002564e+00	1.125731072671165345e+00	1.111122117380814345e+00	1.020704212918048137e+00	9.242904542777700128e-01	9.266725912188347181e-01	1.070536951150249383e+00	1.040750082960201661e+00	9.659721454734691015e-01	1.008418058672216455e+00	9.782618806947178669e-01	1.032332978063694950e+00	1.001644752155671503e+00	1.063792295709693470e+00	1.021058116960793516e+00	1.021596300989248363e+00	1.008918901466209217e+00	8.859434326153754480e-01	1.005508844673786539e+00	9.224841607094158569e-01	9.700693667521291808e-01	9.067734549271027067e-01	1.008438935539740511e+00	8.936611365002765650e-01	9.689533121213687039e-01	1.059708788139802405e+00	9.958360990984620464e-01	9.448548503606709614e-01	9.804537899895889863e-01	1.005233579483744144e+00	1.078779548776570785e+00	9.527105753377259623e-01	9.585390885363590519e-01	9.820992398571316562e-01	1.101488121587490321e+00	1.008202445092458932e+00	1.105326979598323156e+00
1.027862296443752044e+00	9.669695631426260540e-01	8.329353991000892909e-01	9.241281993980361431e-01	1.999999999999999778e+00	9.122414563770786522e-01	9.537487983289001381e-01	9.598132864647821449e-01	1.080110751010907810e+00	1.045447228203270518e+00	8.608976134575494488e-01	9.571007729535961905e-01	9.885489415819778136e-01	9.652485393122149926e-01	9.946713572456172825e-01	1.044388417982790473e+00	1.030065179933941533e+00	8.740688611198177416e-01	9.796321532043840152e-01	8.775834576319075930e-01	9.854186965759974548e-01	1.086738488615128784e+00	1.011460770809772036e+00	1.041888719757484649e+00	8.970189784833848545e-01	8.679015471059876585e-01	8.923657155585967837e-01	9.442020176981517077e-01	1.069592919694613009e+00	9.531896626153064656e-01	1.031462015861627668e+00	1.075694782888492407e+00	9.376927048224336092e-01	8.970581625630662526e-01	9.846276838956079525e-01	9.889489946296616818e-01	9.964737731450422631e-01	1.207582908013997480e+00	1.054582013161919241e+00	1.117741112555135752e+00	9.201881587483515812e-01	9.866900719664848385e-01	9.535709545734248893e-01	9.860916465199789371e-01	1.007231140364404753e+00	1.049433594809625614e+00	9.592352530077407069e-01	9.968629845678379509e-01	1.052581553327933017e+00	9.530113140916487424e-01	1.141761854764079986e+00	1.022411138821904819e+00	9.929464611883428438e-01	8.730072698380413332e-01	9.772408586651257778e-01	1.052569485096619628e+00	1.076160138288236423e+00	9.670567085815752195e-01	1.143388189647487563e+00	9.361030627061263099e-01	1.014323961049432121e+00	1.107992778543934298e+00	1.027716921275842132e+00	9.709793442992585843e-01	1.086802728837299004e+00	1.070445444482595043e+00	8.549604343739027890e-01	1.178141369609568168e+00	1.006539165793544743e+00	1.036861807786195078e+00	9.921661261070273685e-01	9.315816177406670562e-01	9.129347147434753174e-01	1.011041703716429208e+00	9.511698074736905095e-01	9.229477737399912618e-01	9.811166966324544880e-01	9.560362222193381498e-01	1.191511068228519488e+00	1.066133042968852473e+00	9.259130684616296847e-01	9.034068898332310305e-01	1.164814956390089362e+00	1.065110207959657274e+00	9.647633949994837144e-01	8.816849255764925841e-01	9.523469034884419759e-01	9.744980545643533443e-01	1.005949824915940205e+00	9.338970354729474455e-01	9.274622350524814873e-01	1.081459658851892991e+00	9.200502666727022882e-01	9.701502491025146835e-01	9.970032569747423468e-01	9.909159148163099173e-01	1.113456995582644549e+00	1.074203141140366968e+00	9.384806738734987608e-01	1.037096328686349267e+00	1.048948113369836621e+00	1.088152120810618184e+00	1.009078453154560018e+00	9.766305375118063958e-01	1.054182045889965558e+00	1.159672471551317141e+00	1.044332019383456656e+00	1.015290382194836249e+00	9.328943137603700198e-01	9.451406650476861238e-01	1.033126926581144245e+00	9.300567197770019945e-01	9.913187941299170802e-01	1.003114613148156753e+00	9.444933463794239481e-01	9.907372069097448719e-01	9.404330966278537929e-01	1.064561056150651774e+00	1.067884454895347002e+00	1.259843393216821816e+00	9.632714138643031498e-01	9.446970482038489214e-01	9.576196474788505331e-01	9.742942615607405044e-01	1.136788524321213911e+00	9.201688389955305913e-01	1.051057600204308384e+00	1.094330616702797743e+00	9.597731962438798003e-01	1.011989365755532999e+00	1.005641202287437030e+00	9.558432957092746207e-01	1.005361640829586234e+00	1.014704948413833741e+00	1.102851952915545164e+00	1.062391226057221694e+00
1.029225536706716682e+00	1.025669907417817717e+00	1.013978059613171778e+00	1.021532650463677916e+00	9.122414563770786522e-01	2.000000000000000444e+00	1.095840299627927727e+00	1.032300377227986621e+00	9.129551072621627794e-01	1.046217768791013913e+00	9.904181531189458765e-01	1.020781576541766045e+00	9.937210056019413207e-01	9.243382532144270858e-01	9.823003072268526870e-01	9.674387081164009805e-01	1.131517469150676192e+00	1.047807025347802679e+00	1.073291830217667941e+00	1.000812017522097364e+00	1.101766260230825800e+00	9.842750381162777007e-01	9.222818558874128492e-01	9.284522938729933283e-01	1.035597716814188995e+00	9.139214082165583175e-01	9.244114245916204009e-01	8.936332853581466784e-01	9.927150776278811373e-01	1.072497333694993449e+00	1.074969349362581150e+00	9.197864251181711026e-01	8.892701592716210079e-01	9.468117913972843303e-01	8.660112339451423447e-01	1.015310616337514071e+00	9.272921456522875694e-01	9.344713466443262950e-01	1.064513671330128197e+00	1.117099099043004529e+00	1.026662474009520043e+00	1.013069797994117449e+00	1.135357202847626201e+00	9.979377473886226202e-01	1.025981257865717922e+00	9.279531642768192867e-01	9.709012692122035437e-01	1.037871770348715916e+00	9.642752558069697111e-01	9.212476797651295568e-01	1.107206848639820773e+00	9.643788468442123785e-01	1.025417711115349961e+00	1.028403980202069690e+00	1.073727572751802306e+00	1.002309455213818090e+00	8.480668857744062539e-01	1.037622773969677725e+00	1.022229398422844548e+00	1.054326045286362978e+00	9.124870749901220490e-01	1.013803732831749516e+00	9.708674562316691459e-01	1.038031145948777656e+00	9.105796914892545502e-01	8.910474713892251319e-01	8.816638384496404690e-01	9.879253353057870779e-01	1.037236127159150367e+00	1.024405445475652376e+00	1.015392752047768576e+00	9.611434854089273561e-01	9.878837814186273159e-01	9.537722891893358756e-01	1.006615846509760548e+00	1.003434489896141368e+00	9.597212949541689131e-01	9.823004303804034887e-01	9.884670482060380348e-01	9.710155747152555694e-01	9.892160961077569592e-01	9.267975646708577209e-01	1.043328363970820627e+00	1.075925788720712095e+00	9.808645919260768897e-01	1.182165640162216480e+00	1.063537897238939545e+00	1.157450494154765863e+00	1.056965549906316193e+00	9.838056087828314089e-01	8.210574973101965046e-01	1.012192725432728535e+00	1.039011152050327791e+00	1.026189817429383089e+00	1.098818332312722745e+00	9.286093836501400078e-01	9.615714570075022394e-01	1.086867626467654446e+00	9.373998721461511696e-01	9.909131485467675970e-01	9.486804093142040539e-01	1.005325943442961556e+00	1.037023785457832803e+00	9.704251776804881935e-01	9.902471426973982194e-01	1.009652050387038313e+00	9.608859783690795187e-01	1.029785182279663758e+00	9.578927940742093528e-01	1.038697984451594225e+00	1.008970315984731414e+00	1.030222153926371176e+00	1.090782192300907338e+00	9.760799074964869870e-01	9.854921345070709604e-01	9.434242448230683031e-01	1.089886118134196114e+00	9.319315402687285976e-01	1.117098446389102051e+00	9.015198016165981709e-01	1.069762225408759759e+00	9.706165370768544687e-01	1.175321658744476583e+00	1.016246460359588433e+00	8.889377097621631307e-01	9.377826226104601925e-01	9.901724176891277818e-01	9.950518572049826815e-01	9.862944697518347681e-01	1.031790332771446606e+00	9.996209961736735039e-01	1.071746308449015972e+00	1.030262814760785517e+00	1.046063183811499320e+00	1.036306510809841486e+00	1.035140672333471956e+00
1.048616064660491398e+00	9.451708495248067887e-01	1.133934610006295918e+00	1.049068551305173402e+00	9.537487983289001381e-01	1.095840299627927727e+00	1.999999999999999778e+00	1.080779586645580270e+00	9.356549440271607621e-01	9.628159108125095011e-01	1.027190005230137038e+00	1.176861701781515945e+00	1.023936999194527075e+00	9.199746627747886762e-01	1.026237490246055151e+00	1.019434149694782743e+00	9.260142559173580867e-01	9.690040471998118132e-01	1.030311798754393271e+00	1.036778382671502241e+00	1.086395266507901747e+00	9.919292222551093774e-01	9.749249221671724142e-01	1.035877142576716592e+00	1.117925965411299627e+00	9.555961794432704659e-01	8.983895841136848581e-01	9.686454747393409281e-01	1.062114285197893526e+00	9.803304758792891205e-01	9.310701991003199618e-01	1.024208926493232585e+00	1.075831543104149635e+00	1.015720411852802041e+00	9.690201508347042747e-01	1.145821786292557709e+00	9.543522587363451049e-01	1.011682991650968644e+00	1.057645543195900206e+00	1.032560097120583498e+00	1.042000389235821389e+00	1.035177409708826213e+00	1.082149410905934861e+00	8.711610243561744849e-01	9.170337170872397969e-01	9.827063528497627098e-01	1.028883965245273258e+00	8.986685696481824248e-01	1.033376217750938686e+00	9.993311583593513792e-01	9.900950906844900867e-01	9.950540021760411191e-01	9.450731581890094990e-01	9.424624989008436593e-01	1.047527701736590711e+00	9.839459201957800882e-01	9.735545754083808623e-01	9.297960186804126170e-01	1.043963161876590995e+00	1.102446397694739177e+00	9.580249297603677938e-01	1.053843203413704854e+00	1.061801969784123667e+00	1.038267628056989356e+00	1.111327950085052585e+00	1.004204891014044199e+00	9.647147856837642310e-01	9.558134479821598362e-01	9.017198033806235191e-01	9.559674717122353949e-01	1.054684255682289740e+00	9.089856444375116196e-01	1.110170216018623313e+00	9.220435526541607141e-01	1.093653669879786738e+00	1.091550427144889479e+00	1.033745991254040097e+00	9.673046911477828358e-01	9.662602998220852779e-01	1.070627575338852333e+00	1.032405164719388813e+00	1.014948468149390104e+00	9.791364961467844408e-01	1.009488838039676928e+00	1.067485827706764034e+00	1.065574389031382907e+00	9.290984908776667162e-01	1.039163567747406258e+00	1.118069560222579639e+00	1.169537929945100974e+00	1.022739637642124277e+00	9.517244088886668285e-01	1.029497314642323191e+00	9.437531908762003541e-01	1.032449141234741852e+00	1.072674630715951372e+00	1.141755647982437116e+00	1.018620014449875155e+00	9.249181952464015088e-01	8.738593579125120137e-01	1.026228823008976887e+00	1.015154087478419731e+00	1.042276363851449617e+00	9.447940124262009798e-01	1.017283067644694672e+00	9.218980042185958013e-01	9.815428432389281532e-01	8.877016927570543503e-01	1.008737819071509279e+00	1.130236221750059666e+00	9.489511753984838371e-01	1.106108781377797445e+00	9.569352040380355584e-01	1.059502352645890655e+00	9.615477632599094271e-01	9.734221326592813472e-01	1.048017617938576951e+00	1.040835417381352768e+00	1.039227376196182329e+00	1.050995291877579563e+00	8.974696228036872503e-01	9.604063279645206341e-01	1.109135653255119980e+00	1.059025573215373717e+00	9.137465267570119565e-01	9.368311605380450491e-01	9.479926876249635814e-01	8.746829186595374006e-01	1.109896975722166612e+00	9.667119872134467551e-01	9.189584466334490553e-01	9.848390565973472732e-01	9.694619908258284013e-01	9.462453549000359176e-01	9.541700550781435641e-01	1.121955229255904962e+00
9.911488083034266650e-01	9.264952987980558108e-01	1.032325440082924040e+00	1.066454103280982668e+00	9.598132864647821449e-01	1.032300377227986621e+00	1.080779586645580270e+00	2.000000000000000000e+00	9.427483343286263695e-01	9.467108536432020660e-01	9.964456961857017792e-01	9.952625929021732265e-01	9.463769748229337031e-01	1.043688673148328139e+00	1.015112220268074905e+00	9.878035755778482585e-01	1.021326483598978374e+00	1.054765385655375587e+00	9.916710608082478506e-01	1.123603147895214649e+00	9.770190730292291903e-01	9.088707659532535565e-01	9.509444551809226320e-01	9.886865749995235042e-01	1.108785027340269735e+00	9.479417841595080274e-01	9.398595097703751344e-01	1.023919360290558522e+00	8.531206225844781832e-01	9.515677819598802323e-01	9.618376579720219199e-01	9.812484823114016042e-01	9.025949629768880156e-01	1.070837652805171070e+00	1.080454038036587905e+00	1.094084948975756699e+00	1.034572171459098744e+00	1.060248740675354240e+00	1.036126305955381355e+00	8.806694302529277651e-01	1.051110715347670643e+00	9.247839436099367649e-01	1.048614593249638682e+00	9.677887665415203511e-01	1.061867860931328789e+00	9.226027782320918025e-01	8.757909866334583349e-01	9.779325175193607222e-01	8.271580496417367812e-01	1.016700825998836599e+00	1.027997455415053496e+00	1.042205436684812581e+00	9.636767231474661077e-01	8.895103852650335652e-01	1.003262700516648120e+00	1.094994127310600085e+00	9.557960176311420808e-01	1.073027564730980155e+00	9.795962838798301098e-01	1.030800726304509141e+00	1.072133008956252631e+00	9.711589130208628795e-01	9.381848877029534961e-01	1.033287634385528841e+00	1.022367848351833253e+00	1.019680115427397338e+00	8.927831763459490588e-01	1.075196702689867001e+00	1.153102251412631896e+00	9.136757540511570852e-01	9.070923208950346650e-01	8.772556705541565414e-01	9.771770310087015687e-01	9.829466349773841038e-01	1.136292674999943797e+00	1.026048505964359148e+00	9.390103228955894998e-01	9.975386115419421218e-01	9.534272207553938783e-01	1.035939870450602207e+00	9.596185929818931148e-01	9.536546193438233399e-01	9.571144852729881469e-01	8.534557721674118635e-01	9.857543674934162725e-01	9.851812376089256196e-01	8.913129769590679707e-01	1.022582670658165105e+00	8.704817839750248476e-01	1.080917112809823832e+00	1.004850067123031820e+00	1.059802115565894765e+00	9.598739121489558990e-01	9.684607937577702774e-01	1.019603653769361795e+00	8.901763362925138034e-01	1.096316331328880178e+00	9.654236998310765649e-01	9.745162118370350735e-01	1.039820366757697512e+00	1.009570141085004202e+00	1.002543067801906718e+00	9.483118042495192190e-01	1.048522330930529378e+00	9.370823113360650103e-01	9.820962646257794804e-01	9.717105128612979481e-01	8.878865000251220385e-01	9.772690694682752977e-01	9.484512655419996552e-01	8.884869344497565713e-01	8.912242515186745706e-01	1.025095108313389236e+00	9.834739716451390557e-01	8.800621231974826708e-01	1.072455475397370961e+00	9.277882717777257149e-01	1.015685080227225701e+00	1.208487139428921386e+00	9.812105902451070394e-01	1.019868955666014765e+00	1.000340240881254283e+00	9.738256937878335684e-01	1.074364117632232496e+00	1.114454209332772505e+00	9.788450127336474349e-01	8.461936720928424638e-01	8.587267140606248406e-01	1.014044743418212935e+00	1.061941994570016368e+00	9.615778593659873863e-01	9.834854856650938615e-01	1.009536467372831980e+00	1.146218401963955857e+00	8.511719019303766176e-01	1.092732839773059572e+00
9.807907633864328956e-01	1.058711628402867033e+00	8.966034335375081543e-01	1.013050820534792784e+00	1.080110751010907810e+00	9.129551072621627794e-01	9.356549440271607621e-01	9.427483343286263695e-01	1.999999999999999778e+00	9.967748110116060323e-01	1.057321309291972877e+00	9.697280326954513807e-01	1.074730029097093809e+00	1.053373390510539798e+00	1.097911491636359926e+00	9.421357743793858930e-01	9.542042221832269799e-01	1.070085665057048496e+00	9.390911771249410567e-01	9.122549098151289115e-01	9.897763144892250953e-01	8.758776473912246452e-01	1.082658685362636763e+00	1.026343384810435522e+00	9.848916713713534721e-01	1.016027097960910286e+00	9.917029265971987195e-01	9.949488868594764668e-01	1.165417689647745059e+00	9.853932925754624872e-01	1.011333596636803334e+00	9.885896590585934174e-01	1.122528387386328319e+00	1.074520017429737351e+00	1.103286726722179534e+00	9.555410811274395178e-01	1.096603596831334348e+00	1.041923459795979667e+00	8.966223373108176409e-01	1.076807847122754236e+00	1.042674829483793975e+00	9.056191231922191553e-01	9.813530971570063599e-01	1.164950329383670269e+00	1.066745935212724206e+00	1.024567939070171629e+00	1.062215299053166806e+00	1.043089471828795967e+00	9.005422459012650815e-01	1.040157926054755766e+00	9.774461837008077136e-01	9.610463302881001590e-01	1.067444647651604850e+00	1.033922675435884342e+00	1.008724795177949884e+00	9.702552213450310603e-01	1.039576324832178100e+00	1.097530236200313647e+00	1.075502015231827535e+00	8.556577773376509155e-01	9.598889003349727611e-01	9.951254298114394770e-01	1.181371730859314573e+00	1.090020491256959767e+00	9.878573165717103866e-01	1.031754892643876209e+00	9.719963325893582473e-01	9.492856611654313381e-01	9.822674921254294089e-01	1.019459558368476015e+00	9.878313727782274123e-01	8.726420403917973800e-01	9.989777097052630062e-01	1.149854964266544100e+00	8.982267553653802139e-01	8.922977241607625842e-01	9.049253360234251753e-01	1.036124282867142865e+00	1.091068077401670333e+00	1.064100658149232936e+00	9.163323062750132753e-01	9.584233292800388160e-01	1.119932213428513457e+00	1.066319857481505595e+00	9.991406316262712028e-01	9.087522076555438755e-01	9.998718445793978171e-01	9.964109749085802159e-01	1.175395252984410277e+00	8.553582877593123301e-01	1.036762907946181089e+00	1.033066382076141210e+00	9.530864355687184153e-01	1.034098124796113405e+00	1.031021979628006457e+00	1.001044784520829234e+00	9.857901142155850449e-01	9.083136378324403459e-01	1.096773187719931819e+00	9.294511933550984040e-01	1.028010988737638076e+00	9.349478673862678946e-01	1.170572745232796530e+00	9.714607569041087132e-01	9.622365936650840723e-01	1.100013777418231697e+00	9.768593131328598966e-01	9.384618642211504103e-01	9.652129880260624795e-01	8.534389444310812589e-01	1.000045895422616793e+00	1.068393775390821920e+00	9.613231587259524202e-01	1.081798920579776224e+00	9.815344167887889437e-01	1.003915305254181378e+00	1.063430848114335303e+00	9.676073287150674940e-01	9.332892252599689353e-01	9.135254819604633481e-01	9.300119919429530313e-01	9.937919044198727514e-01	1.103660117287983189e+00	8.849859998658939908e-01	9.646852371244531987e-01	1.114871200313508615e+00	1.118256356650063843e+00	9.051049271483161407e-01	1.088679346565442962e+00	9.571112414428700754e-01	8.978113978246202720e-01	8.578888145645963137e-01	8.870015393836925277e-01	9.559401749585408892e-01	1.062388871711885230e+00	1.084978475263032704e+00
1.065908606439430750e+00	9.971108088531120961e-01	9.737268035470114658e-01	1.011981204488613617e+00	1.045447228203270518e+00	1.046217768791013913e+00	9.628159108125095011e-01	9.467108536432020660e-01	9.967748110116060323e-01	1.999999999999999556e+00	1.055038336404677812e+00	9.922893241359947991e-01	1.092436128871974610e+00	1.085602488557649847e+00	8.985259705699119026e-01	1.084114345983649752e+00	1.140563371925904956e+00	9.837594875746684675e-01	9.462694306377910092e-01	1.067817230632610359e+00	9.402813858367939925e-01	9.277033103066781861e-01	9.946291953095044436e-01	1.031288692614517943e+00	9.729011865474068710e-01	1.014412785245723425e+00	9.596120842269235673e-01	1.013030712475242012e+00	8.778822412689095689e-01	9.910851866318485248e-01	1.049673521738254900e+00	9.389507469054101385e-01	9.766410059722655523e-01	9.774479271475252640e-01	9.726310647976387225e-01	1.088041668717255828e+00	1.023941756881633136e+00	9.113327029947175806e-01	1.014544169470229740e+00	9.381951198550342319e-01	1.045230879393798773e+00	9.475334874571967880e-01	1.018611196517813733e+00	1.072420627744359312e+00	9.484960840203191523e-01	1.008105407662170272e+00	9.692560490594380740e-01	9.694248889615648679e-01	9.925089553923200913e-01	1.074954087849240292e+00	8.724447460056857784e-01	8.089420681668848534e-01	1.041937525461347658e+00	1.119235563336850703e+00	9.413288885264097239e-01	8.477972414216837782e-01	1.006349286240500573e+00	9.222688617946311895e-01	9.511010006239365433e-01	9.536911355705881554e-01	9.186106656291576078e-01	9.780043125586210806e-01	9.475350663827574182e-01	9.648037148864561097e-01	9.887671775976749622e-01	1.015756625341375230e+00	9.726869291976830700e-01	9.435051027968076598e-01	1.068391462379540524e+00	1.074047575028191703e+00	9.854967712494733245e-01	9.372098393402779060e-01	9.789798696071206896e-01	9.932860481222890447e-01	1.056653232624182426e+00	1.024095914415790398e+00	1.122077524010828276e+00	1.110189614724563345e+00	1.057260812780969950e+00	1.058587737856946376e+00	8.233928708008251274e-01	1.044799115268466361e+00	1.000760364191549678e+00	1.008836592487811767e+00	9.389666017897837502e-01	1.057380583915598304e+00	9.558807310288900405e-01	1.081212873544638242e+00	1.069526839543175845e+00	9.717451323250246853e-01	9.542748155491564965e-01	1.074394723396455475e+00	1.011936986407080408e+00	1.091389547406225846e+00	9.458755290586000619e-01	9.442632391671961223e-01	9.702107009647114033e-01	1.053974032942939010e+00	9.702159471225970666e-01	9.954056016100333304e-01	9.544529300274839922e-01	1.058907346373247238e+00	1.026741385247682770e+00	1.064537692827860260e+00	9.809648414694859264e-01	1.058468132913122695e+00	9.607029370761137610e-01	8.847230234151457484e-01	1.019910561404032912e+00	9.560148355292611422e-01	1.015840659377667876e+00	9.454691162938707594e-01	1.104420385861323961e+00	9.395136440187004112e-01	1.133158636716039780e+00	9.762373831063775320e-01	1.050046186442182394e+00	1.052196946342478512e+00	1.077904567733248831e+00	9.143490267271560112e-01	1.034242278708860097e+00	9.296413597990363931e-01	9.628575833998220812e-01	9.620591157627492729e-01	8.885382017290784917e-01	9.324672594231669942e-01	1.030528287814169275e+00	9.033100385320413928e-01	9.434404200816304265e-01	1.040871544294287299e+00	1.130535738525098477e+00	9.303614251533021129e-01	9.583200953374245712e-01	1.063974971231259170e+00	9.691401904340533058e-01	1.032488234809287198e+00
1.072559275830279546e+00	9.695633305971174121e-01	9.949991138993189432e-01	9.850713980046593710e-01	8.608976134575494488e-01	9.904181531189458765e-01	1.027190005230137038e+00	9.964456961857017792e-01	1.057321309291972877e+00	1.055038336404677812e+00	2.000000000000000000e+00	9.600458515790692982e-01	9.250586999236485308e-01	1.094561375481079901e+00	9.528401374211979968e-01	1.049606555184058321e+00	9.039672814058345995e-01	9.761555564653255912e-01	1.029309431973673528e+00	1.109220187624602172e+00	1.029146670121586560e+00	9.625261134831538667e-01	1.100933520234966823e+00	1.119123867595383182e+00	9.355410388788155673e-01	9.187940534393064240e-01	1.033686538407415423e+00	1.006088495779060121e+00	1.027063849688824693e+00	8.737245120116035046e-01	1.006250198054565059e+00	9.825693843049269072e-01	9.745178822438755883e-01	1.085333680357185804e+00	1.038493994748699301e+00	8.619045708823238616e-01	1.142412133484054237e+00	1.052603837034129519e+00	9.700998377149477880e-01	1.013004184546935305e+00	1.017668059692336646e+00	9.894175055236046346e-01	1.001572407224899042e+00	1.052912445196093172e+00	9.062701532403362181e-01	1.022662909848605972e+00	1.081885560820470715e+00	9.564178071436727491e-01	8.867438764950810182e-01	1.178126331188781517e+00	1.017804698777813988e+00	9.149036081226168404e-01	1.058451036148198465e+00	9.862438164094652349e-01	1.046829127379975910e+00	9.626482048120367230e-01	9.334026881457377911e-01	9.731238818251887190e-01	9.018961558851074090e-01	1.009313291749849739e+00	9.692082500413276014e-01	1.010339590645667585e+00	8.996901826377327049e-01	9.992976707118645940e-01	9.908699870518234976e-01	9.191807674620483537e-01	1.084831361613227241e+00	9.153530145642926330e-01	1.040450206255166599e+00	1.136671246080593667e+00	9.512056844936320754e-01	1.004334260296151360e+00	9.808370618280960462e-01	1.022523358453981679e+00	1.015712602975107570e+00	1.039866048041589996e+00	9.764236464317395114e-01	9.189638317597015327e-01	1.146121612223524489e+00	9.490470337533828404e-01	1.022290870778597593e+00	9.805742065049461997e-01	9.447952499897509515e-01	1.050751099114364928e+00	9.950490523729268455e-01	9.095223636767000297e-01	1.042303104909081402e+00	9.613072267926543457e-01	1.058388009565562893e+00	8.690077742192570120e-01	9.653876582431197839e-01	1.013510504726252925e+00	9.564532475067701878e-01	1.081039773486086153e+00	1.016138199105340201e+00	9.115700978089116280e-01	9.701385070631838303e-01	9.840479813206064463e-01	9.290937168217427988e-01	9.764688886010365332e-01	1.089041748495233941e+00	9.304442889274241457e-01	1.012931302915318854e+00	1.110802070531823338e+00	9.824606026874710407e-01	1.081708608258528326e+00	1.085145351988756834e+00	1.015303801276108864e+00	9.853179322585129407e-01	9.535537945932516246e-01	9.700049969110224879e-01	9.823974418458192304e-01	9.207246540720042116e-01	9.863560080645807915e-01	1.083841312079380836e+00	9.295420176352373609e-01	9.424864794001643897e-01	1.043063583209723921e+00	9.112175675323459512e-01	8.633000248420431566e-01	1.090250452122641267e+00	9.948904511703045017e-01	1.022452048967298133e+00	9.838893205506318296e-01	9.145361838377632502e-01	1.053627918436826683e+00	1.043397163851394360e+00	1.032969355546113688e+00	1.016833490741561485e+00	1.077296412579808571e+00	9.656133601613016149e-01	1.166431835576548393e+00	1.124092791896882604e+00	9.666758689120831249e-01	1.010659248731073045e+00	9.858909593462960030e-01
