2.000000000000000444e+00	1.156302247756779922e+00	1.000007627750417294e+00	9.439329250226069501e-01	9.628242350286660978e-01	9.996908935256560991e-01	1.131993434180321056e+00	1.006018763783634862e+00	1.030147486597475126e+00	1.071042504010253360e+00	1.108636778673213641e+00	1.070969214689842186e+00	9.953564945213022597e-01	1.042606566245998012e+00	1.092510977022661312e+00	9.337047435726493205e-01	1.002627472530580377e+00	9.731797857212223235e-01	9.832279169728093127e-01	9.584136985271757281e-01	9.963809700526803370e-01	9.909811173861087230e-01	8.465829940915772234e-01	9.643236270469933702e-01	1.071177162373290859e+00	1.131343793336134551e+00	1.183368460141574152e+00	9.514353603677868643e-01	1.032360503349897263e+00	1.010911059612040752e+00	9.276346913749694556e-01	1.076683804394627630e+00	9.633906193256290829e-01	1.036019361348385237e+00	1.095369871344054724e+00	9.460986414519645393e-01	1.111541306828621067e+00	1.040693610439215933e+00	1.031677560333982058e+00	9.702382105182788541e-01	1.073246759905768899e+00	8.688415009289287561e-01	8.527380689177086470e-01	8.883889018762691769e-01	1.034674712908471239e+00	1.053856623367216194e+00	1.049665083532787424e+00	1.119184307412663060e+00	1.090895032162751965e+00	1.118986999210052957e+00	9.703106797072207357e-01	1.128365387063780645e+00	9.631622731063372855e-01	1.014623232607904546e+00	1.064275202187867642e+00	1.029489372886754461e+00	1.003267407631632580e+00	1.045717068116218451e+00	8.381768863290697258e-01	9.298203718692209518e-01	7.989277069104749884e-01	9.116197076338791172e-01	1.011956539253592302e+00	1.022721193361429082e+00	1.019686265044219331e+00	1.034411801031803968e+00	9.855957598026481303e-01	8.294669075747949094e-01	1.037737950535029485e+00	9.280478964366078998e-01	1.001506993764133657e+00	1.084465927145475295e+00	9.041515871318739350e-01	8.186925087495022790e-01	9.087183367745012008e-01	9.251756848349652618e-01	9.546346329145473097e-01	1.026218637603678596e+00	1.050469205090670766e+00	1.005479003169505337e+00	8.727809677853572978e-01	1.017727554297956472e+00	9.300944711954095556e-01	1.060944608029194436e+00	9.233959962155765533e-01	9.274051899076818373e-01	9.693448568006267640e-01	9.648863687696426217e-01	8.969130249946356548e-01	1.197324749403130051e+00	1.009446519674487952e+00	9.606741592500535054e-01	1.010970918338639057e+00	1.084282718382069577e+00	1.031845443687255282e+00	1.007136770455436370e+00	1.055449664901916940e+00	9.208767269417842405e-01	9.647445945297921099e-01	8.142869839320237002e-01	1.050225377946895744e+00	1.102926970068096590e+00	9.309849267014049801e-01	8.931198958552757361e-01	1.072922657170946259e+00	1.049856693916292771e+00	7.836799569091339457e-01	9.058716765670653537e-01	8.609899646428462727e-01	1.040335464650091968e+00	1.118088914472543438e+00	1.056553711363190651e+00	1.079761184428672749e+00	9.953129512140675983e-01	1.094777994747703431e+00	8.903116512738855626e-01	1.106245729032480751e+00	1.084990252765389851e+00	1.067721082292464319e+00	1.086326385091383351e+00	9.765412577239404035e-01	9.967197371141018891e-01	1.017699013331373914e+00	1.099299012348132543e+00	1.061122514433256114e+00	9.874422076742827015e-01	9.311962340723058951e-01	1.073778472871398160e+00	8.911085635310990183e-01	9.301895791391470159e-01	9.413009566893254521e-01	9.385803181608115553e-01	1.124516385545100805e+00	1.018145409348467645e+00	9.675520903112798665e-01	1.055555846539496745e+00
1.156302247756779922e+00	2.000000000000000000e+00	9.781416053329325955e-01	1.056207246625558538e+00	9.954416617209520535e-01	1.090366195731813370e+00	9.239378142489792500e-01	9.693086921939499945e-01	1.036422593271724812e+00	1.097544008406154736e+00	8.882791198473451999e-01	9.709082477582532400e-01	9.863780901047867200e-01	1.021412828157794328e+00	1.114321416335386505e+00	1.003294208604552429e+00	9.478360327864715495e-01	9.541949984723964162e-01	9.400486115504887996e-01	9.614950682315330788e-01	9.144067354648590662e-01	1.052425325992606409e+00	9.470518034237646043e-01	1.068980368972403783e+00	1.011727517077862792e+00	1.119676300412809411e+00	1.014606492551710426e+00	9.268317936319477868e-01	9.283058396826742165e-01	1.040576106070895790e+00	9.820362789448050522e-01	1.005856103614308328e+00	1.215252760347530270e+00	1.060607837495969097e+00	1.035795596097126348e+00	1.096299941067856221e+00	1.091899066740286806e+00	9.516699845620995024e-01	9.132776365054617873e-01	9.736507713519999552e-01	1.071492690510734258e+00	9.128579555124438638e-01	8.646934278339549751e-01	8.246425167300830417e-01	9.307154586064253499e-01	1.159553651476996183e+00	1.055679155262426505e+00	1.014511034352030494e+00	1.080085912033279749e+00	1.019762057491904850e+00	9.763032367047730364e-01	1.010774176302087879e+00	9.615655467515761279e-01	9.537467314495476911e-01	9.246415625156337859e-01	1.036893584090913478e+00	9.846935422124372117e-01	1.004994203779498108e+00	8.369523594095691355e-01	9.784742769175329702e-01	1.005767731276582255e+00	9.270045298544613566e-01	1.148341349991404581e+00	1.070607404182157163e+00	9.147046543456996970e-01	9.052877373725379817e-01	1.040312355848059811e+00	1.035074737797704536e+00	1.032513519019974124e+00	9.288050920185464410e-01	1.047214837023109357e+00	9.906063849628842233e-01	8.711789330016028732e-01	9.024584762512397607e-01	9.485147213899601804e-01	1.076024774525084826e+00	9.731327495365700297e-01	1.014292754010186259e+00	9.538651654910688116e-01	9.628063726004812972e-01	8.949389964900366090e-01	8.887223774205692539e-01	9.345686474862779924e-01	1.016961148313937580e+00	1.091136276630350510e+00	1.087230771925917772e+00	9.518073463062752815e-01	1.031145761452962661e+00	9.763637523860608791e-01	9.800141617534103844e-01	9.089237683002450163e-01	1.031680986453405557e+00	1.088456120035673713e+00	1.127585821584531578e+00	1.025869459119594485e+00	9.746862986133855156e-01	8.520789570946994962e-01	1.008807828080690916e+00	9.110080196669360086e-01	9.213477525471769347e-01	1.033390085897422539e+00	1.022285407371832600e+00	1.043502718796763817e+00	1.086671110399181739e+00	8.829304762248578742e-01	9.870757129181714218e-01	9.431868605657733884e-01	7.177559078147757177e-01	9.373271762521621087e-01	1.105546440586008039e+00	9.882947264750711058e-01	1.014781761914840263e+00	1.023843175253407844e+00	9.541176262415723697e-01	1.006339456294424339e+00	9.833207061184293662e-01	9.362834897523926170e-01	9.910969670072484750e-01	1.047034852715450270e+00	1.000679791211577463e+00	1.002503472643547777e+00	8.992470424188090394e-01	1.033267892059886339e+00	9.831954013204220466e-01	1.097131479643198571e+00	9.943062568236311627e-01	9.521891086343233779e-01	9.736605584899791221e-01	1.044896570301114602e+00	9.810371913792366172e-01	1.004310241164861006e+00	8.919573167793803936e-01	1.097426230373006018e+00	1.052898616447428326e+00	9.672876673104077172e-01	1.017465210575731582e+00
1.000007627750417294e+00	9.781416053329325955e-01	1.999999999999999778e+00	1.092994268198856922e+00	9.377110705847873096e-01	1.123223432163580560e+00	9.824440045213951311e-01	1.083001433094455068e+00	1.052741809593308764e+00	1.128762138095726009e+00	8.894913849412344753e-01	8.850003222124843694e-01	8.723176852985838892e-01	9.591331167596414131e-01	1.149342161984431065e+00	9.910833713828117730e-01	1.115143273419986425e+00	9.098673303025370807e-01	9.840689357356655620e-01	1.049669066308658305e+00	9.927941328971459090e-01	9.515071503838474776e-01	9.683119738296857015e-01	1.115976050288196131e+00	1.064174697630357436e+00	9.620958337390693726e-01	1.063827949596222844e+00	9.859735742635844513e-01	1.097103782300481889e+00	1.020113074841553225e+00	9.616846571368334873e-01	8.674560313682662116e-01	9.877900684923480723e-01	9.469748083457042442e-01	1.012702747285060711e+00	8.589908198945686024e-01	1.003573412013342825e+00	8.740090105429673129e-01	1.152996045995904328e+00	1.057285944951557699e+00	1.068964856539180941e+00	8.972359402829708230e-01	1.012167284848483284e+00	1.123239314085610951e+00	1.026303972736792636e+00	9.611593321764759779e-01	1.074031574992662996e+00	1.062348424607684860e+00	9.404223273057031873e-01	8.132972434551015706e-01	9.892813455022837488e-01	1.032787875736282945e+00	1.058255775068290827e+00	1.020018930311176186e+00	1.091288438288173568e+00	1.072412190090502371e+00	1.140190465305769729e+00	1.164923061069321086e+00	9.767130048897953998e-01	8.985019577953073933e-01	1.012720192463640867e+00	1.172005360027332799e+00	1.078987394142382872e+00	1.027436116924929754e+00	1.049931654636191425e+00	1.015024710983357004e+00	9.392220072894562621e-01	1.073847021518721689e+00	1.067680227677060723e+00	1.120452381308919110e+00	1.139110470356684113e+00	1.071660583847191539e+00	1.034346840226240571e+00	1.089270578378456200e+00	1.056615527586002745e+00	1.035861984439343964e+00	1.035176131305789449e+00	9.235086281711903933e-01	9.958868987308177045e-01	9.643187230849208369e-01	1.061154880144292045e+00	9.151964710266272673e-01	1.129093948913927781e+00	1.038351630820033122e+00	1.033467872176270452e+00	1.069167025964313344e+00	9.018915623813966720e-01	8.964830312093485798e-01	9.601749668593273501e-01	9.602599279315898739e-01	9.019962769320211127e-01	9.152743608796707342e-01	9.562857116555996129e-01	9.220280624549194171e-01	9.665882806095827950e-01	1.117337997306988129e+00	9.969634086783130122e-01	1.042228780944375321e+00	1.003134525710465352e+00	8.072467623469917752e-01	8.501621486401323979e-01	9.397288247448648546e-01	9.841826886448220568e-01	9.664386650597747153e-01	1.023039402139582332e+00	9.249853374776983994e-01	9.615653567519468758e-01	1.082619158140121440e+00	9.595439663004520225e-01	8.604957389206914220e-01	9.290766633536743369e-01	7.451140335929367087e-01	1.077996006175076626e+00	9.647694036824271402e-01	1.038003382679822062e+00	1.051404632417400453e+00	9.202363929660428710e-01	9.553180534366388921e-01	9.447644531182224359e-01	1.072000364684296381e+00	8.564467849323078585e-01	9.614152693575956921e-01	1.035563123865593127e+00	1.024555073546084216e+00	9.819939074032169035e-01	1.120241623933802666e+00	8.708677503431235811e-01	1.082901008524708830e+00	1.059912868595982438e+00	9.834640171381817675e-01	1.021391503422693914e+00	1.034972099894414077e+00	9.838665824263481685e-01	1.044352163502946684e+00	1.027679248805164702e+00	1.022147322435910999e+00
9.439329250226069501e-01	1.056207246625558538e+00	1.092994268198856922e+00	2.000000000000000000e+00	9.535781819664318482e-01	1.036042033701299658e+00	1.042358875828358178e+00	9.647097691184981505e-01	1.071136109382593293e+00	1.025314522692480024e+00	1.106452985242798892e+00	1.084124130626224813e+00	9.732945635912840787e-01	9.981493069318504441e-01	9.744204418493258579e-01	9.818259361503742788e-01	1.217835644234394943e+00	1.047358033873066363e+00	9.908409593736662302e-01	9.826521963099965618e-01	1.116723230178477522e+00	1.039986086613572613e+00	9.941672747532055432e-01	1.025457857130767092e+00	1.018297441840444906e+00	8.624011660058841233e-01	1.206720841017073109e+00	9.332792531861067165e-01	9.085644365328293670e-01	9.851300796715668495e-01	9.571118584825800690e-01	8.661800051638685050e-01	9.793159779628852757e-01	1.021776121732284937e+00	9.753603359892240032e-01	8.711536349761404008e-01	8.970566279199020387e-01	1.027381053279354139e+00	9.567700754880558156e-01	1.024977360910368285e+00	9.040967107496805655e-01	9.942418077194401516e-01	1.088644229935663565e+00	1.077517914214807471e+00	1.009726314790911239e+00	9.546175090186960199e-01	1.058579155762859658e+00	1.008049020399099271e+00	1.002022352794601501e+00	9.493368456536988020e-01	8.703800593079554782e-01	9.535196835315394859e-01	8.915463658482875031e-01	1.041308301758438803e+00	1.026338425452351322e+00	9.962528736926861139e-01	8.813069999463845061e-01	1.206703056514716987e+00	1.127040992883330706e+00	1.048060307668812419e+00	1.023641426053838011e+00	1.040553518977289871e+00	9.462480250865230591e-01	9.331788990296729924e-01	1.059532760433098630e+00	1.034039723797236077e+00	9.367347927575274680e-01	8.785253738049159100e-01	1.038396205722438737e+00	1.069359387285301333e+00	1.067779177660687306e+00	1.047942626624219997e+00	9.354935128337876771e-01	8.787070893097794766e-01	1.042448799061627129e+00	1.060708056997669679e+00	1.053765603540926410e+00	8.801165419590702976e-01	9.181193786363612830e-01	9.956166361031051348e-01	1.028943068837611330e+00	1.127263976974128390e+00	9.800910331730475766e-01	1.143981436690830522e+00	1.086698976931706584e+00	9.482698131277609299e-01	9.675462776066753312e-01	9.516827583941467328e-01	1.034760610352704058e+00	9.641709686025267123e-01	9.493767581333845129e-01	1.041964185447570301e+00	1.029579269706351052e+00	9.099414284634693706e-01	1.065466491931210902e+00	1.002010938539743323e+00	1.182652129275778341e+00	1.160586373704776353e+00	9.297474567911993004e-01	1.021128184047381593e+00	1.097035260691189507e+00	9.949989032265936784e-01	9.588802757947205713e-01	9.538880058791293637e-01	1.086094006166423265e+00	9.347165615947506945e-01	1.164247082260702060e+00	1.089078476899914882e+00	1.065789505306781404e+00	1.032017243850990917e+00	1.026912877890246323e+00	8.841644894528086773e-01	9.141469655050855625e-01	1.000493970834140489e+00	9.330763978191818353e-01	9.952741773021910321e-01	9.273743323763006252e-01	9.865042109284194449e-01	1.108745717673931264e+00	9.297468476896739720e-01	9.675252621584439217e-01	1.078114094740373785e+00	9.120236097180837165e-01	1.043095848887121591e+00	9.381902337443461803e-01	8.906620182123180518e-01	9.579524581681981843e-01	9.741610769056776586e-01	1.034114961225765628e+00	9.645568528381875950e-01	1.051285141548790047e+00	8.635956189066307243e-01	9.488789647254106674e-01	1.189922198527715747e+00	1.140255942128282074e+00	9.592951384271192206e-01
9.628242350286660978e-01	9.954416617209520535e-01	9.377110705847873096e-01	9.535781819664318482e-01	2.000000000000000444e+00	9.670822505543311687e-01	1.045242332395645457e+00	9.523839493079609975e-01	1.084933377316727565e+00	9.160303312156423683e-01	1.038822924393462577e+00	1.094951124029877487e+00	1.088858452148520506e+00	9.908677174886049155e-01	9.557564145169483716e-01	1.082054864646782910e+00	9.019571454523549470e-01	1.071902439524208273e+00	1.059280232774230113e+00	9.764848113687473186e-01	8.211023232056269272e-01	8.720157456133144080e-01	1.158727912831458484e+00	9.723651621114599575e-01	9.082431531804064928e-01	1.094869371677919645e+00	1.004211044090733695e+00	9.836043849148310425e-01	9.763168328232487703e-01	9.224887128304057882e-01	9.834384021543102206e-01	1.118898885534655996e+00	1.055463292580387069e+00	8.978084993633028699e-01	1.080549826233545119e+00	9.798872326785826870e-01	9.486348214003673673e-01	9.988268782119963385e-01	1.093221889030772109e+00	1.001698109193850827e+00	7.794821218267343754e-01	9.399655622418154888e-01	1.052209140328996373e+00	1.038736176230959041e+00	1.165934851155508323e+00	9.343957335593510161e-01	1.016637580357047543e+00	9.903976242746801439e-01	8.056702706149018178e-01	1.031789733320103153e+00	1.065550489262517830e+00	9.867104362127441242e-01	8.607940934822957413e-01	1.047584919835232498e+00	1.140092146443874910e+00	1.005948525637450297e+00	9.680219965138574523e-01	8.998487077668749778e-01	9.971075434723746245e-01	1.041764114490355109e+00	9.626128312760717787e-01	9.900644986443247753e-01	8.958451375561330421e-01	1.003962853523976184e+00	9.094913920354146253e-01	1.046326653740129675e+00	1.028235149831705053e+00	8.839376743758793342e-01	1.037504792116551444e+00	8.563464444237407491e-01	8.939933001605003815e-01	1.057697687128186459e+00	9.783490055202868074e-01	9.263145227475915178e-01	1.031221682645440563e+00	8.638486075972073852e-01	1.001811745372467755e+00	8.891337103795198260e-01	9.289028301833427426e-01	1.034438387858333641e+00	1.009420480442467793e+00	1.007602699326961559e+00	9.233757347920428238e-01	1.077197814358961558e+00	8.767790132372142997e-01	9.726969368415651074e-01	1.055234623141713346e+00	8.976029009268271519e-01	9.674331307582270112e-01	1.004034054340582571e+00	9.011316340291407601e-01	9.482561612571401843e-01	9.300308906456760116e-01	1.132895098797461531e+00	9.889561211756405790e-01	8.916092956585819351e-01	9.308413301177140831e-01	1.094355637968764228e+00	1.007368245039383714e+00	9.418380517220745762e-01	1.039287993929161935e+00	9.965501730698912430e-01	1.021405933930762622e+00	9.657917551866499473e-01	7.959416681998785492e-01	9.644402722303494491e-01	8.940330243041667568e-01	9.971163379024712281e-01	9.336845869089707151e-01	1.049915416678784963e+00	1.108920348523762200e+00	1.099036837294797841e+00	9.667458425340871297e-01	9.168791309997418315e-01	1.119220790008385702e+00	1.082755324469917069e+00	9.515425176322801493e-01	9.790255011054954659e-01	9.654369019865715051e-01	9.351937297354000478e-01	1.016491255757556278e+00	1.047145424320309548e+00	1.154737921351606689e+00	1.048864389256043861e+00	9.279130724995998669e-01	8.865935976331643653e-01	9.022490064534943732e-01	1.024858835453680284e+00	9.826228383880187822e-01	9.996239338570577226e-01	1.029083345361624158e+00	1.004143817361697888e+00	9.234775816695860451e-01	9.490052431763337237e-01	9.762203780588842861e-01	1.049810859725186063e+00
9.996908935256560991e-01	1.090366195731813370e+00	1.123223432163580560e+00	1.036042033701299658e+00	9.670822505543311687e-01	2.000000000000000000e+00	8.837248897181886331e-01	1.092666273026980717e+00	9.993905430767801024e-01	9.292169225364446117e-01	8.544000526133133100e-01	9.884804404420889368e-01	9.559626115142316749e-01	8.586059104393680697e-01	9.283779084437456808e-01	9.508162848609876816e-01	9.239894985013167306e-01	9.111988129137130743e-01	8.242622508354023880e-01	9.876676679332289099e-01	9.686277701170249443e-01	1.049203907115527468e+00	8.471258639273950841e-01	1.108388590817758423e+00	1.026914011236760516e+00	1.056429640334370923e+00	1.029719304779891154e+00	1.099492784068214712e+00	1.045437465532641497e+00	1.070259270853297418e+00	9.851532692375519762e-01	9.356338169146480865e-01	9.623146287003728760e-01	1.010142414550129653e+00	8.510700083042761488e-01	1.017520183748872764e+00	9.347135977055207601e-01	9.026648934475318686e-01	9.908270259070512953e-01	1.086390642040533372e+00	9.449191592063137524e-01	1.055032747666593496e+00	9.963194541874121901e-01	9.281172914555141373e-01	1.102456121326663263e+00	9.250544611996243116e-01	9.352515968123953360e-01	9.271802440290988212e-01	1.005483144526830630e+00	1.008832645331558808e+00	1.050094254950824535e+00	1.021411978591643566e+00	9.589327804504279573e-01	9.017288855401053294e-01	9.637840450039604212e-01	1.177738663755544479e+00	9.902918097666918440e-01	1.142155545246712478e+00	1.031725126747674137e+00	9.488203460811377443e-01	8.659044248615757056e-01	1.086236392320232502e+00	9.397233048175501757e-01	1.055709731780471117e+00	9.890343762868668565e-01	1.065975804030094842e+00	1.011918318058434796e+00	9.359142702333262953e-01	8.976448014404639908e-01	9.770694888010008627e-01	8.778056244958049037e-01	9.154576510137032441e-01	9.609195503027847529e-01	9.931921082099443021e-01	9.899684914884609999e-01	1.103630499890964511e+00	1.049291580009585223e+00	1.039110193612579058e+00	1.034806891250616090e+00	9.918907236565954744e-01	9.719374798487654399e-01	1.050589560958286928e+00	9.961044214083109027e-01	1.060361588807078093e+00	1.062736556194028514e+00	1.006848899405172970e+00	9.565215812882339463e-01	1.077169036877546393e+00	9.716720943725090098e-01	9.688269384367150794e-01	9.619982354461600327e-01	9.688084546392401464e-01	1.183970622595917010e+00	1.063260847163154166e+00	9.030192586817004097e-01	9.365110023757177160e-01	1.004934180815149292e+00	9.464040661561391454e-01	1.045378164267725118e+00	1.049065973755260117e+00	1.014503495949573342e+00	9.832476133970794452e-01	9.151922018217367727e-01	1.027453249269750346e+00	1.159914214174346148e+00	1.102766491904143553e+00	1.133517013886321090e+00	1.055546735723983387e+00	1.035982605276353885e+00	1.059062139720397422e+00	8.272529160807942095e-01	9.749312923319025659e-01	1.040668299819514475e+00	1.105606991988628440e+00	9.274100560554369155e-01	1.059381527838122228e+00	9.944945571914166615e-01	9.661521007876512357e-01	8.885652537297055176e-01	9.888553204029184585e-01	1.038278804076776085e+00	9.530543250542605760e-01	1.059734606032039173e+00	1.094375105775649004e+00	9.461592504424847228e-01	9.375065240959493673e-01	8.476949786654355279e-01	1.109197119760590100e+00	1.060171552437716436e+00	9.161577358796936243e-01	9.496988976518900838e-01	9.987391421049207629e-01	1.102043080693666077e+00	9.602931177338153157e-01	8.928874118214673583e-01	1.142758474157407722e+00
1.131993434180321056e+00	9.239378142489792500e-01	9.824440045213951311e-01	1.042358875828358178e+00	1.045242332395645457e+00	8.837248897181886331e-01	1.999999999999999778e+00	1.006604390383368575e+00	1.112529259683332494e+00	9.764463827143357033e-01	1.075778159839615888e+00	9.444015157801777249e-01	1.131521383143409221e+00	9.554764882590173203e-01	9.804480265439480258e-01	8.959928884690453454e-01	9.152922095579940631e-01	1.089525885103530989e+00	8.560651283708862191e-01	1.024148650065987765e+00	9.975345538885826979e-01	1.020366208062769342e+00	9.900623625956527230e-01	9.649012317867827759e-01	1.044043829532239176e+00	9.876990842698708528e-01	1.057102708943730596e+00	1.068441309886746460e+00	9.768977396120730461e-01	9.778399167425553262e-01	9.035622955872715245e-01	1.051015939010992772e+00	1.117397695016743020e+00	8.589361230271143066e-01	9.502795361267509788e-01	8.656123748101209880e-01	1.156501227891319594e+00	1.020254879642477075e+00	1.020234053964865328e+00	9.779756061404815126e-01	7.810323376788447236e-01	9.354784508114810659e-01	8.952007527706773438e-01	1.059244360989876510e+00	8.795814033056402748e-01	9.449891076660478229e-01	1.057673309330077638e+00	9.567951291686990212e-01	9.789227359498382519e-01	1.153411100997082883e+00	9.894012909046092652e-01	9.848993115678964516e-01	1.065299933811155508e+00	1.056092976761972224e+00	9.771166490001448324e-01	1.085702191474344769e+00	1.031202520957402280e+00	1.074497040531700032e+00	1.031014221690156996e+00	9.355755321055528873e-01	8.093161935558441655e-01	1.041015051236969358e+00	9.986270683637070711e-01	1.088551577442354201e+00	9.865566825737859258e-01	1.124494500993351132e+00	1.066001718851866675e+00	9.732483115659941175e-01	1.062109818402230177e+00	8.637213489598356553e-01	1.061731688762765247e+00	9.898114249579251789e-01	9.034494627969016367e-01	1.074992489457932354e+00	1.072598261744103221e+00	9.927977553524910403e-01	9.929917928619800271e-01	1.108100732366277708e+00	1.071926268846760344e+00	1.002400938561295307e+00	1.030958622812324643e+00	9.485988982154945903e-01	1.066587696239565286e+00	1.097249406826408924e+00	1.081149447304755817e+00	9.630534368288607983e-01	8.479680456435464420e-01	8.880372008650383453e-01	8.862399787556661801e-01	9.221380046509596307e-01	1.009641300549808163e+00	1.028194808343408928e+00	8.845416726112939054e-01	9.800530818273214262e-01	9.570508767586488608e-01	1.063818682615729649e+00	1.079715650014389405e+00	1.088574621326580338e+00	9.745243610016759428e-01	1.042885931738378957e+00	1.007713092859827686e+00	1.018917042516581883e+00	9.734402159402288923e-01	8.495112736477479221e-01	1.062944542494613565e+00	1.009302820588493965e+00	1.055186812175798794e+00	1.042066770958006705e+00	8.666024378057699540e-01	9.876358650811711826e-01	1.089597652863052657e+00	9.826541862151204620e-01	1.177874792066501586e+00	1.079423010369431779e+00	1.080053154767989687e+00	1.069051691519594005e+00	9.238954324849399935e-01	8.435507491829861149e-01	1.068918391038936377e+00	8.589721737801191415e-01	1.021231300112674045e+00	1.066799689063037127e+00	9.039758279678120623e-01	8.896356684970854189e-01	1.079136375776117873e+00	9.866998757154127331e-01	8.837388914846928678e-01	1.018088391757303146e+00	1.008853056820217420e+00	9.069204589642099190e-01	1.010092090779062923e+00	9.858654983900243529e-01	1.002147755691458642e+00	1.028995651017754032e+00	9.613903106982260027e-01	9.726446500341215939e-01
1.006018763783634862e+00	9.693086921939499945e-01	1.083001433094455068e+00	9.647097691184981505e-01	9.523839493079609975e-01	1.092666273026980717e+00	1.006604390383368575e+00	2.000000000000000444e+00	1.100486120465147932e+00	1.007565214963975109e+00	1.008624506230517026e+00	7.405537162396356177e-01	9.577658712891258252e-01	1.004315019575320989e+00	1.098481979116926688e+00	1.003901395600099722e+00	8.645326721271271442e-01	1.032413167455581871e+00	9.343516904485060781e-01	1.032594059386263474e+00	9.033499138527690819e-01	9.942308330827744900e-01	9.824173551250233727e-01	1.029253890397226145e+00	9.985552626030297363e-01	9.889014114805827482e-01	8.925579501055427301e-01	1.000877467108551411e+00	9.449376578690646955e-01	1.013170231146576894e+00	1.125086930756768577e+00	8.949474992482656655e-01	9.014119591612013149e-01	9.859444194489919155e-01	9.298946001998128486e-01	1.073394502233221859e+00	9.720341427823946390e-01	9.383762957170522778e-01	1.003804821094577582e+00	1.037722949774192660e+00	1.017828972002605248e+00	1.002920991316667232e+00	1.021196333296824355e+00	9.952992605024240103e-01	9.809734800539910982e-01	9.954468546158995457e-01	1.071808171478068505e+00	1.049811061801886769e+00	1.073877511660645157e+00	9.918527295630386043e-01	9.679726073030612277e-01	1.048145399925413557e+00	9.013237152711848221e-01	1.052245261440557522e+00	9.891555305090519168e-01	1.026358870848148142e+00	9.253277434657258826e-01	1.104080722316484131e+00	1.010449331235549142e+00	1.080777126646721653e+00	1.063222730660663640e+00	1.068929296684975050e+00	1.101914509497595063e+00	9.483179680335587225e-01	1.146908001417979328e+00	1.007932942828039913e+00	9.467489713920412830e-01	1.002462514675749317e+00	8.053127823869252744e-01	1.034142961081141676e+00	9.463276309133703545e-01	1.016362678459853175e+00	1.020986780045514353e+00	9.815882654505841964e-01	1.091972811904187601e+00	1.061552132977516605e+00	9.426798832538794137e-01	1.097154194144905004e+00	9.737189333761200327e-01	1.004774476126057747e+00	8.219005348766319496e-01	1.102165678190486053e+00	1.006953148564236677e+00	9.872517496532958736e-01	1.027117433284010728e+00	9.292602583659179682e-01	1.043474041492090443e+00	1.097037557910225836e+00	9.424666557743182072e-01	9.826269931403174285e-01	9.237082877081612686e-01	9.253347007840795335e-01	1.019083752070642612e+00	1.025200992955596302e+00	1.103909975062541182e+00	9.546662776230674385e-01	1.040807585707595573e+00	9.522817792218858379e-01	9.637457052442878203e-01	1.053920081882134152e+00	1.028229038084188307e+00	1.064382333656648028e+00	1.135383687968116950e+00	9.569797085004503323e-01	1.081572607742499192e+00	1.078142733559374067e+00	1.083402764620901237e+00	9.089867751219633529e-01	8.968339394878190873e-01	1.025138264806527033e+00	8.290442996154648858e-01	9.562259376929989063e-01	8.782825554054249917e-01	1.014238402780197390e+00	9.351760132828266237e-01	9.861977207827939962e-01	9.897745809544871154e-01	1.005482461514817238e+00	9.956766731312245433e-01	9.227348453315498134e-01	9.187917330110518810e-01	8.963018293474064313e-01	8.799534374833609673e-01	9.498509137984086914e-01	9.875067472004041003e-01	9.430758877804933382e-01	9.892972242597234400e-01	1.003882332766025787e+00	1.004445386296240361e+00	1.001649154811900200e+00	1.152174744527197259e+00	9.597403519144622752e-01	9.350011616874155385e-01	1.017906050708749843e+00	8.722803382780855985e-01	1.033484860381425285e+00
1.030147486597475126e+00	1.036422593271724812e+00	1.052741809593308764e+00	1.071136109382593293e+00	1.084933377316727565e+00	9.993905430767801024e-01	1.112529259683332494e+00	1.100486120465147932e+00	1.999999999999999778e+00	1.138677997673562148e+00	1.127896321000229740e+00	9.826442670352677489e-01	1.104001505893564605e+00	1.024663110373513986e+00	9.950305043689640083e-01	9.672715723304345925e-01	8.476584926628906169e-01	1.134934760034549850e+00	9.463242526910183861e-01	1.002750325469648596e+00	1.067166340082098763e+00	1.077706105681879079e+00	9.555810480254275374e-01	9.609795214430376653e-01	1.219015120404410624e+00	9.903449790844285339e-01	1.046775349851786441e+00	1.129805754527259953e+00	1.100272389054205213e+00	1.055419214219136093e+00	9.898952506756499847e-01	8.835082893647111524e-01	1.050859831796163046e+00	1.038712900938191463e+00	1.036811924055579537e+00	9.432089765216300492e-01	1.020359603744587229e+00	1.026675276063477638e+00	1.041050346461756648e+00	1.014081393637749740e+00	9.041753122716985613e-01	1.076539971062142387e+00	9.565044184519948534e-01	1.060259934715465979e+00	9.396599497779170029e-01	9.794937453164491714e-01	1.173358691616870786e+00	1.118889999570072069e+00	9.915797336923765082e-01	1.166262108125783126e+00	9.991927471808311756e-01	9.505948649377850002e-01	1.045996519267490488e+00	8.935817667721097646e-01	9.944204468142509024e-01	9.819943549399716698e-01	1.048705510517398576e+00	1.115041714112346316e+00	1.077765920162206514e+00	1.020271736608027613e+00	1.032329832547147053e+00	1.079631193781319443e+00	1.028299596190755505e+00	9.475798079091964921e-01	9.863201079117114300e-01	1.120545049644138702e+00	9.109012005916655719e-01	1.036291317423848390e+00	8.988415972476624383e-01	1.057396414274170970e+00	1.006977448823990207e+00	9.554636410721333295e-01	9.406889648676455273e-01	9.504987517253462581e-01	1.139418186970639457e+00	1.054295303439642506e+00	9.367789713978927901e-01	9.709663426440343637e-01	8.877793743040791608e-01	1.026092747838037278e+00	7.243633613065130206e-01	1.070104825628011458e+00	9.641060507394376700e-01	1.069476599419956875e+00	8.998904189697312095e-01	9.363482073350897217e-01	8.701543970754117563e-01	1.053587147182325046e+00	1.032239383238050534e+00	9.794886514223073437e-01	8.531399233337435550e-01	1.005627386425441472e+00	1.061891086610536883e+00	1.002615745553767201e+00	9.628350097517346384e-01	9.750608549720555240e-01	1.049322535897112108e+00	1.082688149855818516e+00	9.667450475247879593e-01	1.037744029383859790e+00	9.478826958311291628e-01	1.092203332753791223e+00	9.315316371237752913e-01	9.441398661522116820e-01	9.490590126041726915e-01	1.110375465333606204e+00	8.788921261735775925e-01	9.913713419905464397e-01	1.194711394583160224e+00	9.687965559942866012e-01	9.479929385516883134e-01	1.099154510970322018e+00	1.088333434992372117e+00	8.676200784576550973e-01	1.131036453780500661e+00	1.008626009631861331e+00	9.610796016771988581e-01	1.074946820313294804e+00	1.052975718651611770e+00	9.909311517016526905e-01	9.806146097623886781e-01	1.002766819569929968e+00	8.406898466141978776e-01	9.895243150718924241e-01	1.150302787653926462e+00	8.427496732645386457e-01	7.553159659240871182e-01	1.044970784103220307e+00	1.061701649732901043e+00	1.052722086589034101e+00	9.753802168203800083e-01	1.024057703061943769e+00	9.961424604583116738e-01	1.107469477958070492e+00	9.132437525503418474e-01	1.008003316251449455e+00
1.071042504010253360e+00	1.097544008406154736e+00	1.128762138095726009e+00	1.025314522692480024e+00	9.160303312156423683e-01	9.292169225364446117e-01	9.764463827143357033e-01	1.007565214963975109e+00	1.138677997673562148e+00	1.999999999999999778e+00	8.202775814832634627e-01	8.554763979604782520e-01	9.464999717649308364e-01	1.058938646621260027e+00	1.037264248568002811e+00	1.067440956020250908e+00	1.069233791882558959e+00	1.022547054955024626e+00	9.220480134872272027e-01	9.772871853236865247e-01	9.584824440342110119e-01	1.027283304934220931e+00	8.667677656782899476e-01	9.803398076841790543e-01	1.004561291660514444e+00	9.484946341833256911e-01	1.066615415015818469e+00	1.077034688501739446e+00	1.119314502502945841e+00	8.597508564446210144e-01	9.387022201109374020e-01	9.238710500800516590e-01	1.050488015576303891e+00	9.968238216711995392e-01	9.688527037337960612e-01	1.051720643938147237e+00	9.435190922306008199e-01	8.864078950258695855e-01	9.602448986201180814e-01	1.009515428919820934e+00	1.184096845747473870e+00	1.115192228087880766e+00	1.010079849147015985e+00	1.035057288765506955e+00	1.038875800452829123e+00	8.792381066172670900e-01	1.195145556054153513e+00	1.049520287531034768e+00	1.012180938436273436e+00	1.097088664138530900e+00	9.914380634153614480e-01	8.470132252033821807e-01	1.118872664160912134e+00	1.078659931608372258e+00	9.250802725388203029e-01	9.610107484486370977e-01	1.037413004798745098e+00	9.797650191059856795e-01	1.086880771343205598e+00	9.121907665278548016e-01	1.019912607105391222e+00	1.119059129118701756e+00	9.604154650671663518e-01	1.187421529715429136e+00	8.447194753796599676e-01	1.006659972000358394e+00	8.388955726068603180e-01	1.067148251876847809e+00	1.000971534852817646e+00	9.368472284096667213e-01	9.854685241857749078e-01	1.123036355532908814e+00	9.862566763401536818e-01	1.084554217865384640e+00	8.699851298613334727e-01	1.055142256675697165e+00	1.054172037584709898e+00	9.594663600170764139e-01	1.083500508576640264e+00	1.016667240606569100e+00	8.403484838565049575e-01	8.779256143058015160e-01	1.033895480745876450e+00	1.022518648955023757e+00	9.111814391091300758e-01	1.063896150012539898e+00	9.572466306018601045e-01	9.448999612035855478e-01	8.998800327679846722e-01	1.028377681700083368e+00	9.913529260641699148e-01	1.024388401305682317e+00	9.838738365761751092e-01	1.055482865479063337e+00	1.087954080939330881e+00	9.865353678194382914e-01	9.555446623295941189e-01	1.099216974139944902e+00	9.846079595184488165e-01	1.080676507381883811e+00	9.492105679835675103e-01	1.140474706114064318e+00	1.045696554029964975e+00	1.089184496835452043e+00	9.909966593255113976e-01	8.977140262777048019e-01	9.519937860916406480e-01	9.969634203053070465e-01	1.038162961730070277e+00	9.454503743571530672e-01	1.007206767070896181e+00	9.441964093644923395e-01	1.141259512869436721e+00	9.302760104803015073e-01	1.079265642768976186e+00	1.099308142705956337e+00	1.095424629687739237e+00	1.005705886548755812e+00	8.665547074512269798e-01	8.844979117410571856e-01	9.649826229998376137e-01	9.029336961855848331e-01	1.019740397086446038e+00	8.965877307302249077e-01	1.058906258929743771e+00	1.056676993561634470e+00	8.824361938734825994e-01	9.589918071272484079e-01	1.125200289211399474e+00	9.624437226982838212e-01	1.068607719095518105e+00	9.350984397560768713e-01	1.137735664806766467e+00	1.043015923361046537e+00	1.009818676061720710e+00	9.641113316639715602e-01
1.108636778673213641e+00	8.882791198473451999e-01	8.894913849412344753e-01	1.106452985242798892e+00	1.038822924393462577e+00	8.544000526133133100e-01	1.075778159839615888e+00	1.008624506230517026e+00	1.127896321000229740e+00	8.202775814832634627e-01	1.999999999999999556e+00	1.104307978388652911e+00	9.578911533813364576e-01	1.060440406322418427e+00	8.583242707983400610e-01	1.039393742097565854e+00	9.911706009505992787e-01	1.065010184290023032e+00	1.023464262638157596e+00	1.050850580249819810e+00	1.108989788947833510e+00	9.970125781995969882e-01	1.073888154952421292e+00	1.058287847253174041e+00	1.045732483226898157e+00	9.628875783802948174e-01	1.024551143164841305e+00	9.390989374723490712e-01	9.460521842592440889e-01	9.791396447509065348e-01	1.085592863176750855e+00	1.065273505662014397e+00	9.890478948176077978e-01	1.049662269262253700e+00	9.408131705947240242e-01	1.038947347327451087e+00	1.085837250040264657e+00	9.990808479356706462e-01	1.000556262045333433e+00	1.163684555804711973e+00	1.000498745941625245e+00	8.689554074882592793e-01	1.021372338358326859e+00	9.971368934758987335e-01	9.988969347206719807e-01	1.083983411264275887e+00	1.005968853691014520e+00	1.162061776123980428e+00	1.124502764236135821e+00	9.949554996585689981e-01	8.835970662351990690e-01	1.132980165401293871e+00	8.750099072112635934e-01	1.006817077374007274e+00	1.091855888316460410e+00	8.053071152370321339e-01	1.111292333906211516e+00	1.118946890625785562e+00	9.985105481138897288e-01	1.115521039630226863e+00	9.612038341227094884e-01	9.790874946471619378e-01	9.364177895548025932e-01	1.018590057699391593e+00	1.017160052292494843e+00	1.014532066697977353e+00	1.139128243292242493e+00	9.569955755471022396e-01	1.137551606773989699e+00	9.037488044961670131e-01	9.788869430925084547e-01	9.498414203944989254e-01	8.892455147099089796e-01	8.696880039797386663e-01	1.080211774778430556e+00	1.000434365665842318e+00	9.428882891964979196e-01	9.903028928503192496e-01	1.095200736687046650e+00	1.055850464272973133e+00	1.106431840698171909e+00	1.097979891865936697e+00	9.456220229373502040e-01	1.001422529226135172e+00	9.674118610739242952e-01	9.027883371989052774e-01	1.007917673280549264e+00	1.029110672716837760e+00	1.066733337018531458e+00	1.121633467503959425e+00	9.916184854252746428e-01	9.199458676147581615e-01	9.881669384280069579e-01	1.076692775979875005e+00	9.749472532191949536e-01	1.084266890076496903e+00	1.140094860725853865e+00	1.108765150068476535e+00	9.300891528401320496e-01	1.023364185302089169e+00	1.022768007216559250e+00	1.030121142113939348e+00	9.994468717030828842e-01	8.723033127851409496e-01	1.095507122897249497e+00	1.143641774806048117e+00	1.003944687191507867e+00	1.065658266327598636e+00	9.764988957064051345e-01	1.042522942524030105e+00	1.181715312805617035e+00	1.081937722655645029e+00	1.028371281334834242e+00	9.664246544396226657e-01	9.913853370623432193e-01	8.977497958046329884e-01	1.032270730489544430e+00	9.985429818927265000e-01	9.783919296277455713e-01	9.998064160643272968e-01	1.130792603930428797e+00	9.314782238294972982e-01	7.754275063996398654e-01	1.111706648450324408e+00	9.015283213947896668e-01	8.838081749035484602e-01	8.672647293902078225e-01	9.542459762954804692e-01	8.955848220013506999e-01	8.566189335140210748e-01	9.626764735420875185e-01	9.845741744061463629e-01	8.756735197059182241e-01	9.244663094158317440e-01	1.129892165508811219e+00	1.068770979319297876e+00
